"","contcod","Gini-MI","Gini-MI-0","Gini-MI-0.5","Gini-MI-1","MLD-MI","MLD-MI-0","MLD-MI-0.5","MLD-MI-1","TheilT-MI","TheilT-MI-0","TheilT-MI-0.5","TheilT-MI-1","Mean-MI","Mean-MI-0","Mean-MI-0.5","Mean-MI-1","Bottom 50%-MI","Bottom 50%-MI-0","Bottom 50%-MI-0.5","Bottom 50%-MI-1","Middle 40%-MI","Middle 40%-MI-0","Middle 40%-MI-0.5","Middle 40%-MI-1","Top 10%-MI","Top 10%-MI-0","Top 10%-MI-0.5","Top 10%-MI-1","Top 1%-MI","Top 1%-MI-0","Top 1%-MI-0.5","Top 1%-MI-1","gini_ref08","t10_ref08"
"1","ARG",0.54742767119494,0.530076818096563,0.547147038688827,0.575513540220531,0.5736787593417,0.537789591494791,0.575073277417796,0.637030798192104,0.710215742489738,0.611764752834146,0.689860111874909,1.02123971582654,7966.45268189834,7626.87636935456,7940.98580125647,8591.34678482988,0.159113626787146,0.148606852447448,0.158647652744099,0.167049489967445,0.243118084029781,0.227874749646509,0.243058618246874,0.252997581067076,0.442502280106874,0.421888209560505,0.441444503748365,0.476160122197382,0.16505297856765,0.140976438799082,0.162224222308193,0.219712584069061,0.4486,0.3214
"2","AUT",0.31934981705769,0.310150524949628,0.317187432588355,0.371776213726391,0.173218182216659,0.161951071443304,0.170390433120332,0.249754854676662,0.209661545839242,0.181277363779664,0.198786637414149,0.587694420465305,15938.1129285442,15687.6652356748,15891.0013691485,17330.4656611158,0.290982028765498,0.267511952502045,0.29185720336259,0.296301320187211,0.332132053293296,0.307177143378273,0.332552167232517,0.337765449077197,0.266406480066908,0.257286038160394,0.264282420935192,0.321124744363019,0.0643969504564875,0.0557536505279222,0.0617640339982694,0.129629921926271,0.3048,0.2396
"3","AZE",0.409158604463911,0.389289412522972,0.407468260051218,0.443891049719886,0.282184975691683,0.251553521029118,0.27954442493555,0.34378651575303,0.404615568551944,0.313790549268808,0.38989348278887,0.679377689578588,2762.11011319463,2648.92744430228,2754.89956926534,2914.75933137951,0.243046724297289,0.229753141444969,0.243870421729952,0.251165516803117,0.284863606910509,0.268369749197624,0.285436749165253,0.295608561457838,0.3486084083577,0.326136661590519,0.346792946476878,0.388237181432539,0.112987973168091,0.0866515389794115,0.111175685454965,0.171440876151559,NA,NA
"4","BDI",0.421705025674508,0.401554763890979,0.417673177208321,0.466812802846957,0.298901044042839,0.266033963584617,0.290641879695815,0.379726439236811,0.476405697926626,0.371787837099768,0.44296172748609,0.84784183387075,409.765327499388,394.305629867938,405.909182836019,440.037640381571,0.240479488894124,0.22242649954398,0.242075723885001,0.249097933142843,0.267448883202092,0.247232337146794,0.269211966671104,0.276527314333033,0.373610623117638,0.351222507224952,0.368759898364797,0.424256888568224,0.133560804727628,0.105741625535045,0.127592315652178,0.201240291839299,0.334,0.28
"5","BEL",0.329880175824138,0.322545197999456,0.329279869804851,0.34140055973636,0.188370225822998,0.179217851549657,0.187726332932537,0.203884624849855,0.226462086675354,0.203211330267423,0.22574065985801,0.270599042250422,14150.0972024955,13938.5171704504,14105.4981618841,14532.9295711228,0.286847716639733,0.281186668106672,0.286905603172541,0.291373471836576,0.328632070360243,0.322316975097583,0.329432541470621,0.333530701438278,0.277166468529316,0.268571408918622,0.276010309053101,0.288866206599384,0.0706368839797361,0.0624353231687409,0.0702906281831002,0.0816790832248075,0.2852,0.228
"6","BFA",0.507396799974601,0.478407018652167,0.506090568626639,0.545007701077581,0.444662688854526,0.390437090917864,0.440871503644481,0.520705940625627,0.709639203533404,0.538922306111958,0.706259400831896,0.998172223664461,847.054002498335,802.446087972716,845.890555865197,918.622213712277,0.194273173041037,0.179496806510248,0.194743733359,0.205206281023725,0.238576648055511,0.218412020109258,0.23930575093351,0.252931070009091,0.442402780596773,0.407191386565151,0.44092878807892,0.485163374968067,0.181619843707438,0.13808781962645,0.178234100710794,0.241898874668603,0.398,0.32
"7","BGD",0.398647347968853,0.383104655537996,0.396534235531254,0.428471524300835,0.267838231143772,0.2440613277621,0.263333188697541,0.315623350049635,0.398145722918916,0.329278603012639,0.381210937427599,0.569455212818137,713.309634411004,690.738332651369,710.502964479778,751.366153518214,0.25234138675369,0.239672791015484,0.253031270262688,0.259603147726801,0.282347853471875,0.266849991927631,0.283045947041749,0.289485959165932,0.349575023520928,0.332202740266854,0.346955176066187,0.382524024101656,0.115991756354415,0.0977773476782356,0.113984535598832,0.154318097616707,0.321,0.269
"8","BGR",0.319041365936092,0.309790826017832,0.318483353353277,0.331515173458877,0.177669198879435,0.167898504456189,0.17712781438398,0.194296536098857,0.197059168469268,0.179616725801789,0.195539272125481,0.23967795643333,3508.43261564383,3450.88763895615,3510.42163679148,3582.34613557046,0.289468679086328,0.283442857052686,0.289427470452444,0.294254837873818,0.340362381934719,0.334323992681053,0.340270603953236,0.345854838675916,0.259126616557768,0.249802895017246,0.259059469974055,0.271580770236332,0.0596097100757427,0.0540939077501133,0.0587576504730584,0.0721107357687135,0.3498,0.2652
"9","BOL",0.72397597852945,0.684208121787779,0.71997333759634,0.800919218412138,1.10965567185463,0.966888697802903,1.09330694401386,1.43138163284641,1.77538316108487,1.28653513355702,1.66845682802171,3.10908970883321,4366.41597447637,3776.89413360956,4257.80960919189,6068.72463307926,0.0857531672164566,0.0613165046232605,0.0875439575385,0.0997907278321161,0.146219757599558,0.105312263277648,0.148695955679996,0.167854422943672,0.645718269743137,0.594308686920114,0.641353169139507,0.744098274329342,0.369927485132522,0.289949991033154,0.36382619002797,0.543554885853425,0.528,0.402
"10","BRA",0.727767418935274,0.680607552307499,0.722138020166406,0.800638917359281,1.08047449084485,0.915787460061556,1.05405381357836,1.37971361259024,1.88751264949058,1.28822357857354,1.81693748603112,3.0349480489649,7502.25131872891,6266.33320127113,7235.6798219017,10141.1801930047,0.0881630974051102,0.0649969606208396,0.0901109793883592,0.103309121823349,0.139456709891674,0.100567897255772,0.142672107453097,0.165264887801889,0.658649335317031,0.598411478273492,0.652000206467166,0.751386143276202,0.391180881270516,0.291521439092422,0.381311671727429,0.552529298395579,0.5455,0.43
"11","CAF",0.776685342362679,0.694110022430489,0.760928563194291,0.998684212631699,1.33252854358049,0.896539173955503,1.14351154480067,6.42289680404438,2.71282294738215,1.40534541606222,2.22974816972461,9.14092728952682,6168.74426437249,937.478043783208,1202.59921638197,240490.132536501,0.0734261953250549,0.000401218168942829,0.0786402152476097,0.101675897977019,0.105249338670788,0.000570385087473872,0.11287278499657,0.144822473289623,0.727173160785256,0.626711037129541,0.708006315894172,0.998516960338193,0.491631738186254,0.315241705603241,0.460065689514323,0.997203355052949,0.562,0.462
"12","CAN",0.401828291467,0.390324376110373,0.400995147733876,0.41316041683557,0.301907453545193,0.285957376324823,0.300869138441209,0.323077236593836,0.331213647412898,0.299297326036378,0.326043736130763,0.430485765175426,24158.1880618442,23585.6143425624,24147.4893802843,24684.7642989854,0.239488184966771,0.233536743715314,0.239631241462775,0.245445003077018,0.316866044448064,0.310541522968014,0.317028816502578,0.324743889114625,0.315371964608717,0.303621111140917,0.314358393432928,0.328697705622391,0.08699780517877,0.0773127725124614,0.0852258047018759,0.11036283329987,0.337,0.2585
"13","CHE",0.437953524981439,0.41932401170975,0.439110100117855,0.455139844952979,0.367674858310468,0.337353739888752,0.369835123728335,0.393179186090871,0.394404667727978,0.335869522677163,0.394895294344609,0.473970083834875,24799.136218695,23579.4347929942,24860.7273526746,25536.3414385501,0.215878401347117,0.208661758802075,0.215262488034352,0.224623429364263,0.304263057143829,0.292059296493312,0.30377255285239,0.31530180212942,0.338015357021142,0.318487673317168,0.339367607909302,0.358751485965681,0.0969413486106837,0.0818959913761274,0.0962467120907677,0.114166626488225,0.335,0.26
"14","CHL",0.677227884308979,0.644661442010949,0.67681911425416,0.70968671119698,0.853267309378688,0.758922775773693,0.851921859285054,0.957772001192993,1.38766910996317,1.17059715644154,1.38741500643112,1.62971186585713,9252.07379557027,8396.1456594727,9214.76941728713,10288.3234634484,0.113375185965294,0.100602875991683,0.113018956152561,0.124868286866133,0.154875529658056,0.138324174552796,0.154856238219594,0.170833090073678,0.614847532409323,0.574038900193458,0.614240397520743,0.651573200603943,0.321139534312741,0.265523181720977,0.321130629816974,0.378488468909318,0.486,0.3905
"15","CHN",0.530107112031593,0.518349249450045,0.529492240608655,0.539150215041615,0.53192359384842,0.505554735567908,0.531337741804637,0.552714934936413,0.541311409783129,0.50766008990334,0.540077621787838,0.578326593737907,2386.23420607237,2316.75370519056,2380.2017633621,2478.31718666948,0.155634094160796,0.151462034228185,0.155626835533131,0.162057379257029,0.251355923690207,0.246434747653066,0.251680167032861,0.257852418343721,0.401242877999632,0.389861746759275,0.400990181473026,0.410732674366883,0.107069165245725,0.0974249810496971,0.106572424443626,0.119906039717794,0.433,0.3225
"16","CIV",0.515855505401037,0.482093032845234,0.505894706361632,0.862459499151652,0.483390797175858,0.406742848426046,0.451258043880163,1.72694084480378,0.778822252533027,0.493914424531589,0.635468239747634,6.18117136387074,1353.26556087322,1209.7825405913,1279.8528220767,4610.18081896964,0.18357123135493,0.0518506517866793,0.186999290538833,0.197495901507656,0.245971580691267,0.0698875654795116,0.250813954708067,0.264216573904255,0.433042445321241,0.392355391736157,0.422160539442193,0.838566509984934,0.174635944287498,0.120182530100734,0.158403915301332,0.761770365478389,0.432,0.326
"17","COL",0.740466530424177,0.680737847664137,0.732030507778209,0.994944822599994,1.16081201746732,0.8842632348728,1.05749215607732,5.0468798653975,2.05598435586049,1.19218272241591,1.76998337092351,8.99261837932414,10824.5658105036,4311.94825534014,5122.02537455638,279532.043666154,0.0803495275608913,0.00153404520300628,0.0831753440186267,0.098879286294855,0.127640013761455,0.00242424016449237,0.132064247005767,0.157130790865739,0.66979145991003,0.593260485926362,0.65849468870629,0.993720696401618,0.396855770595569,0.266592137109225,0.373003380656929,0.98821247501404,0.548666666666667,0.434666666666667
"18","CRI",0.641370769748892,0.595136160229041,0.630611847859807,0.76610164785063,0.771304348570352,0.646673041884609,0.734760147737355,1.1941801202774,1.393708395965,0.885691875827716,1.20968636826986,3.48757957168085,6784.07857155896,5917.72074834648,6463.16383514841,10098.3189753727,0.126684832961601,0.0835654295048259,0.130631758101647,0.142538089985561,0.180811360891883,0.11902710877392,0.186570946083081,0.204732272496333,0.566594383338553,0.507881615784515,0.55333690164427,0.718703568662352,0.297251374603902,0.206959892875113,0.278122286972244,0.54899437890451,0.4924,0.3832
"19","CZE",0.292168980894205,0.28419846585123,0.292233642411663,0.303361230875016,0.146669707607492,0.137545341768545,0.146516306292833,0.157942926652451,0.174159666437166,0.157692033139426,0.17473859531035,0.19650632092045,7136.6374935027,7038.29156507204,7135.07583034329,7285.11576730474,0.311020652669429,0.305041221230662,0.31098847567641,0.316032559984344,0.338273301576845,0.331935445106519,0.33829168307373,0.342459396736206,0.254797554706054,0.246157764357492,0.254995228754435,0.265042672158531,0.0599290118056324,0.0537862732573051,0.0599911776712272,0.0673179930972185,0.2636,0.225
"20","DEU",0.362824848339284,0.3511966878972,0.362912607368248,0.376604573890538,0.226857392478626,0.211021868158804,0.22678952127003,0.245148972806498,0.287920068035837,0.251178705985948,0.285293108282914,0.33548496089949,16911.2087332037,16477.3370015395,16890.6288149986,17407.9353075136,0.269323311809518,0.262656495231854,0.26956096443664,0.274641545260245,0.311431331172902,0.304655242412608,0.311597915990262,0.317419087734207,0.30710222988325,0.293150575470479,0.307371041759788,0.320571212046925,0.0865708626706042,0.0726996042532332,0.0866756168867373,0.0985513281766816,0.309,0.2464
"21","DNK",0.29976143667112,0.292668475235626,0.299364116982029,0.308041663157286,0.153067558351983,0.145890388960525,0.152706137646682,0.162117045226756,0.182805440055571,0.169015255617465,0.182208369704731,0.195410166787659,15050.3855183828,14855.6840874326,15039.509603605,15294.9027091324,0.307153349285381,0.302588126340358,0.307083876024363,0.311118305967233,0.332076700103351,0.327982641811045,0.332190036894194,0.3363856493708,0.262752590033433,0.254779647863318,0.261746252324308,0.269347641103859,0.0615639981396195,0.0569860577093292,0.0620367324720195,0.0674951093961147,0.2624,0.2182
"22","DOM",0.650434847871766,0.595846440682058,0.642274261820435,0.728080302753749,0.787953646552699,0.642678047656779,0.762308047360166,1.03575098749908,1.43263540087398,0.913118318253331,1.31302838155478,2.57491652348308,4569.54101663555,3897.47912616697,4428.9183060014,5873.76125196015,0.124545815543803,0.096474550084975,0.127200352807273,0.144595534226975,0.173816131214286,0.134500295608423,0.178331881337813,0.201722064025056,0.581005737571691,0.515152567121539,0.570949634158047,0.673476272694937,0.311664560236112,0.212368597078901,0.300644044416749,0.456793604597834,0.4904,0.3856
"23","ECU",0.662428206520485,0.611668060392218,0.650233394774389,0.795571082882295,0.842368192811058,0.691001381550977,0.798690381832809,1.33438144230855,1.52174527096024,0.955217746665304,1.28721543635247,3.76409151606663,4749.48273801588,4000.54693669802,4519.32345942625,7633.00536847968,0.116016972441789,0.0705775889168667,0.120020222566511,0.1331425258823,0.171911801115624,0.104679380293567,0.178324272180412,0.197772405613797,0.585998753949368,0.523297225205046,0.570175779275141,0.750082956700148,0.316418310325892,0.218403564970921,0.291900039076858,0.587358028895063,0.5046,0.3916
"24","EGY",0.373725325902507,0.363321790759318,0.374563736632923,0.386606852110388,0.234637188776324,0.219806405062968,0.234963120233845,0.251584779341037,0.32831193735564,0.292314443237584,0.329276384232135,0.36414873347675,1543.56281696755,1514.68413331952,1546.93025805305,1583.9066228843,0.266639577933249,0.259787133315278,0.266436852700381,0.271529252822065,0.291135204174852,0.284986732699089,0.291054422945526,0.297038893669037,0.330364744162897,0.318775554078126,0.33018334633638,0.342218535836201,0.100449113804818,0.0866876711876673,0.101060920843645,0.113668928963556,0.313,0.2715
"25","ESP",0.344403375824798,0.335458083356217,0.344840417908459,0.354889625171026,0.210413905393747,0.199259162129166,0.210936959395177,0.222873334000947,0.223330846470527,0.206651554317307,0.223555466074495,0.242473757426738,11497.238713255,11302.7900802639,11489.4270344147,11755.4845451949,0.271561703360595,0.266440355131516,0.271074646227846,0.276370228233549,0.335576157386507,0.330931940365181,0.335727892357933,0.340307098870999,0.270322658092076,0.260928329241766,0.271017502561126,0.280832316287563,0.0617913611795475,0.0559166794543287,0.0616737490514676,0.0676173806980664,0.3438,0.2558
"26","EST",0.340347525207262,0.330249872334484,0.339686068435305,0.376181826310082,0.19657239652932,0.184075576059755,0.195621213836273,0.250023576438441,0.226994337098345,0.199884985456942,0.22138080630418,0.50072277203449,6620.19793874261,6467.109147797,6603.66143726992,7022.33492551352,0.275306070321783,0.260649035759599,0.2756577317506,0.281259708870483,0.328222285673165,0.309628137534742,0.328612111175029,0.333587052202116,0.274140705362525,0.264881871906418,0.27329797767361,0.314658186227406,0.0647469637846004,0.0560471831327649,0.0635491924571457,0.112145556605134,0.3204,0.2488
"27","FIN",0.323508397602162,0.314429177820422,0.322568868367366,0.337522673217256,0.178738833879849,0.167174569258047,0.17742289961762,0.196622371402527,0.221568634660166,0.193930096877737,0.220236666231679,0.268574267965876,13916.0440486057,13701.3948586971,13878.7286413307,14280.4479310843,0.291564597496507,0.284932315123782,0.291823774996367,0.295991488292506,0.326188644215822,0.319313507768075,0.326677192746473,0.332098315232078,0.276669181124948,0.266303260263933,0.275986760709435,0.290275750136369,0.0710111536616064,0.0608585972100095,0.0711705919374514,0.0833229132647677,0.2786,0.2286
"28","FRA",0.395389202480909,0.381677798144144,0.392580116363138,0.428547204480095,0.266943450077073,0.246375012406492,0.261797942674441,0.323924870775841,0.36640959853991,0.305177043640334,0.346535351170155,0.607837926983848,18353.9006485106,17872.6932376634,18248.910446669,19383.7265159577,0.250420041660474,0.237604729803225,0.2515172692224,0.256658688560807,0.295189116764817,0.279067268899121,0.296252264905152,0.302335168410727,0.334146402628816,0.317980107885206,0.331681821379939,0.371729746052759,0.103976683622101,0.0864969314637654,0.099819671409018,0.15816211966164,0.323,0.2592
"29","GBR",0.403898587664623,0.389943132020299,0.403587714218535,0.424874048500528,0.286047501873704,0.264317970436281,0.285047677064792,0.319809856407778,0.36793928934035,0.312795196696059,0.362068237923025,0.456294000609819,22246.9504818462,21630.0786644158,22199.6494701057,23216.1192657567,0.24449764312029,0.235554301174969,0.244603988422418,0.250622410162947,0.299044140544475,0.287753633671163,0.299709011264768,0.306131343197323,0.33513802883386,0.320150726790607,0.334378581654681,0.358529965576223,0.102776726619062,0.0848747539944153,0.101576329453419,0.128205585753398,0.3462,0.2682
"30","GIN",0.476882942836415,0.454477250894874,0.472379004397594,0.716600410850031,0.391829143949421,0.34703735482539,0.380111315805057,0.999264031158509,0.589465234224302,0.438106649686005,0.510866534396209,3.86294892994511,816.288661151926,774.945550782675,800.388486996186,1497.04434137497,0.201895481554685,0.109432528142072,0.204084241458069,0.211349741128159,0.260073230162889,0.14051055388892,0.262312114845781,0.271138851423205,0.39598514078977,0.371896383914525,0.390397561606013,0.673111745326642,0.140118603156567,0.107414955767295,0.12977459369629,0.529560751040119,0.394,0.301
"31","GRC",0.382095447763481,0.371857243462128,0.381569325178034,0.406452258381654,0.258778471846131,0.244677660963362,0.25808992827702,0.297117490832494,0.307832328893624,0.278093493962118,0.301604987910114,0.431533150066323,10668.9656282279,10475.6630230603,10664.8233860771,11064.1196935794,0.253295507051572,0.242578058943774,0.253719690866467,0.258089994400229,0.314939529610094,0.304483231093966,0.315424239947891,0.320671979043771,0.308335969156313,0.298315295942613,0.307324637433144,0.334306202640787,0.0853343027126089,0.0753194715161636,0.0843708944536079,0.115757443305818,0.3408,0.2606
"32","HND",0.787474260646484,0.735660949288879,0.784231812298564,0.886761416340417,1.41284217399364,1.17887037928745,1.38690264634082,2.03848568610094,2.32181896477435,1.52430453200122,2.1681346842081,4.40557043229995,5052.63213372331,3953.29371289021,4839.10633933846,9148.34678143257,0.0593713930065788,0.0313907898135235,0.0606293817081711,0.0747858869553808,0.110007102676394,0.0584591656793694,0.111763847178671,0.137137742142371,0.718531708928633,0.651077980886406,0.715424143007352,0.850420439541914,0.453875488610228,0.326629031449508,0.444514009787443,0.703954202089818,0.5464,0.4174
"33","HUN",0.312957545014998,0.301491281634524,0.313655164661943,0.323330790281711,0.169694418695506,0.156197897330335,0.170079431828378,0.182703360019868,0.194855096962652,0.170434240815452,0.193208258435067,0.227670457962629,5186.4916917413,5116.62440962777,5184.97981482925,5328.22449156948,0.295034095295075,0.289579732702208,0.294737896052557,0.300924093921376,0.338568570104344,0.332604267954904,0.338744798502109,0.343193258151991,0.260021747325945,0.250703030217015,0.259888257522889,0.269380507957408,0.0612287832231858,0.052667063909507,0.0611566953663476,0.0710943456100285,0.2802,0.2234
"34","IDN",0.47260806403497,0.453044441715277,0.473200062594661,0.501884553539372,0.378674235454258,0.344434373638024,0.379306783148853,0.431452546550506,0.590381773873641,0.49186199330853,0.58622754895451,0.72874725720367,1591.54875885638,1524.66251138392,1592.30506383488,1697.83070338477,0.213843381835454,0.200182445118757,0.213767781476015,0.221836527528301,0.247934588794717,0.233738263913325,0.248238495711254,0.258653451471339,0.416860917475365,0.39419136620094,0.41756418616454,0.445462030726676,0.159822567642567,0.133361582772687,0.161037351397408,0.193806058371919,0.353,0.2866
"35","IND",0.425797225283476,0.40241487043456,0.423791534727613,0.470241071391176,0.305309596279127,0.268121296791588,0.301275225431877,0.388077987031282,0.493310201410934,0.378870576686252,0.473667640910356,0.917065227252742,877.636634242505,835.274523749524,874.417281210511,939.957239278341,0.239126985314044,0.222141871494951,0.240072672146151,0.249818947819834,0.263995905716865,0.244325227634751,0.264902247215834,0.275313925235947,0.379503262638995,0.354607070861114,0.377374010896086,0.430345669241051,0.13808593417041,0.110487637488367,0.135365653457835,0.211874453586984,0.354,0.3
"36","IRL",0.353963121815295,0.340380872577469,0.352092991504135,0.444452917719607,0.212859532727768,0.194915350022306,0.210162809247247,0.360381735418845,0.276638217672571,0.226224858361007,0.255698875908951,1.08173278540327,15105.5843539487,14790.1155368721,15072.1207763311,17585.6054698502,0.27124392889856,0.232496624466529,0.272159070602426,0.278274610105804,0.316342708704862,0.27265856337846,0.317445299852315,0.322228291332212,0.294516025989476,0.282773477010939,0.292116671823346,0.391556536074807,0.079627315112715,0.0657392581762401,0.076367493276965,0.201655528759173,0.321,0.252
"37","ISR",0.469335353254764,0.452270053279712,0.470272949665181,0.48557352684171,0.416185174474707,0.385946633389952,0.417124722685459,0.445453777201188,0.442818074853715,0.386988304905339,0.442636654821493,0.518762890264781,10309.2080609197,9903.88660435129,10314.7198601354,10665.5931093806,0.194746621828794,0.188170662623359,0.194271335581219,0.203328388159957,0.286313124131969,0.276914603199649,0.285533066689235,0.295828369825369,0.358297637388386,0.339652686378991,0.358181531137761,0.37740816385393,0.10173654085142,0.0846159152038647,0.101593023372028,0.119998248430707,0.418,0.303
"38","ITA",0.362259142017881,0.351586357509259,0.361779962606886,0.378918977317816,0.231281482884144,0.217227497712125,0.23083748731145,0.255478706874365,0.263381386838941,0.235905901176055,0.258915164088815,0.357921079449114,13037.143091476,12800.13536397,13035.0463095337,13374.6053619578,0.263222555114412,0.255478300218078,0.263678746886082,0.267952796047962,0.324407729214243,0.316227679108748,0.324455465037594,0.330068044512455,0.289510756519308,0.277809769303325,0.28930810360146,0.306959006563637,0.073655725202982,0.0648906968325907,0.0725261331723216,0.0953494138320735,0.3378,0.2552
"39","JOR",0.413073594885207,0.395531282774758,0.413081611949551,0.448937061831091,0.287568282811654,0.260266914196748,0.287474628970085,0.351759895656165,0.416843709107285,0.331286555936987,0.405629891254163,0.708839792155985,2750.84697292169,2664.30263359875,2750.7465602662,2915.44852091357,0.241161769231625,0.227404766138863,0.241155560847066,0.249393448641052,0.282523845924307,0.265524648711412,0.282446410326264,0.292559042381518,0.352717991041239,0.333171093742394,0.352964831684111,0.393672311369144,0.115906799981357,0.092435638495164,0.114400428851216,0.176736586461532,0.334,0.272
"40","JPN",0.371874315312332,0.35386353769401,0.371667336589734,0.392719477901246,0.244909834559392,0.221792757412643,0.244097405009448,0.277200489518253,0.29007174295485,0.245999005273399,0.285138264080601,0.391786986943909,13088.1430366128,12711.2517787792,13079.5005396348,13479.0504990577,0.259638411351041,0.250509467006627,0.259705675824587,0.268650724795254,0.318953191150761,0.310412089534645,0.319110634691958,0.328608977838885,0.301228836149404,0.282762536712957,0.300733133986319,0.323955803183545,0.0819052912389681,0.0684765394721555,0.0812481286470712,0.106522257941439,0.321,0.247
"41","KEN",0.335474019084272,0.324990428553944,0.334951369006947,0.363830166117674,0.191769229079701,0.179906995052734,0.190498383588539,0.233499648298007,0.213272253587174,0.193406622071827,0.208219483881676,0.403313261878583,367.906891019529,361.555112165926,367.358446694354,385.496230544511,0.276983499654029,0.264536142817155,0.276898425933779,0.282642398594951,0.332604000683715,0.318569435219198,0.332583368418672,0.338807539921224,0.267162707391802,0.2579490437031,0.266644779532049,0.297393634068151,0.0601359688993107,0.0525339003050346,0.0592593364793796,0.0968543297689621,NA,NA
"42","KGZ",0.445504532437375,0.426236512868958,0.440828549861617,0.647613134005193,0.34800898749912,0.310911038451456,0.338495042214223,0.797756095738183,0.49101104038875,0.36501712228898,0.43048096779971,3.04914450830335,1867.116080325,1791.62498079007,1839.50979395073,2924.70515937766,0.217993243236566,0.138893564671027,0.220184635269605,0.227322032401536,0.281233319384391,0.1784641782743,0.283123002081772,0.291602429898714,0.363713072225164,0.342507121077161,0.358920497869593,0.596515429869492,0.12003807019388,0.0916541201846757,0.113457122626145,0.438561079580256,0.3256,0.2608
"43","KHM",0.482273473389703,0.458621532123778,0.481619231884902,0.505768478322767,0.395466705208245,0.353467958139924,0.395426185092434,0.439659523527976,0.625821903944534,0.501529765752712,0.628629940704238,0.762089896294415,1155.22797541208,1094.63525915775,1148.87566942059,1209.4559228983,0.208696686006834,0.199404247919504,0.209327721811982,0.218210754167935,0.244342418924634,0.232894914817879,0.244780663958136,0.257225887495756,0.425054173184979,0.397530258241676,0.424813866640761,0.453367644458097,0.167049362616543,0.134918460456759,0.166630990468093,0.198282576022894,NA,NA
"44","KOR",0.407214832968092,0.393760759410484,0.407293697302349,0.423997800515823,0.304912794732418,0.285383380291024,0.304491613313132,0.33405060443925,0.34705767668383,0.30856115275171,0.344154249870039,0.431779341663998,13823.8538109126,13470.0217935871,13809.6082351026,14238.5108765724,0.237509301048505,0.230068487931341,0.237551826798224,0.244913610158983,0.310874987625293,0.302286697960108,0.310893890690101,0.31863411374287,0.323072037707036,0.310169800165341,0.323550259226149,0.341849508987699,0.091934614997649,0.0809817125411936,0.0918401188409345,0.115412367240428,0.32,0.242333333333333
"45","LAO",0.461496325129054,0.44350700067635,0.460760443278373,0.489548644030865,0.362059860806999,0.33021733766124,0.360702339556259,0.411047723651188,0.548942513340572,0.455489465594117,0.539313854260472,0.676208991263177,909.478208972339,875.884074915532,906.575849509193,963.78717237755,0.218781158982406,0.205764446079425,0.219111893896748,0.226352788215792,0.25617856683226,0.242059264583468,0.256490497288983,0.264411399512588,0.403467288389195,0.383898053114089,0.403694729568149,0.431432648071856,0.149778598170852,0.121600223205783,0.147903657637411,0.182243048625108,0.354,0.293
"46","LKA",0.52549148873544,0.492779738957801,0.521925680685827,0.600846665439256,0.474799462572971,0.407510604313455,0.467032709094051,0.645686510364918,0.840380792908651,0.583514376072893,0.781811731068423,1.70409659779535,1855.58005095865,1723.39711066091,1834.12661030588,2185.95296101691,0.186377831455755,0.15692838545692,0.187537590754693,0.199179280575776,0.225260620416461,0.189811472259067,0.228338593269846,0.240627298894703,0.464496536765736,0.426262739903688,0.460080340661528,0.54977758290675,0.204876241625755,0.150083673644269,0.198957708682491,0.329086735516586,0.3835,0.3135
"47","LTU",0.394996636352062,0.3838931008093,0.394539246216975,0.417393241150044,0.274155855778096,0.257165978816635,0.274190377080172,0.308891128162197,0.345166336025618,0.296333321662215,0.34294191035191,0.452044036592445,6256.47392348053,6086.25938880085,6242.24939351331,6517.63863150043,0.248728632451595,0.238613274887781,0.248822674995154,0.253755765108416,0.304477625597443,0.293075332932647,0.30486658362417,0.311155145968348,0.32575413088324,0.311241861464917,0.325488659021931,0.349154043759127,0.0967058766979171,0.0810630813112442,0.0967910971683183,0.122214987837993,0.3514,0.267
"48","LUX",0.342680647988024,0.332267308332743,0.342182272765293,0.357905016740145,0.20063024120977,0.188046066599773,0.199289450344307,0.220188802779417,0.250855908045378,0.222393242034987,0.244738119274376,0.324691592584546,23557.2219640348,23225.8247564328,23501.724077872,24140.880758455,0.279070949198542,0.271978924235906,0.279093740058507,0.284260040735461,0.320785306376909,0.311995604800826,0.321577471095434,0.32595888551096,0.287987476559681,0.277639766028192,0.286557749457806,0.303743062252929,0.0764731351137389,0.0672727642989098,0.0746283010964162,0.0944493090390045,0.3126,0.2456
"49","LVA",0.428681360384325,0.412504294371014,0.427945140678194,0.464274356609912,0.326635542595037,0.301081751612622,0.323920775589055,0.390630276365789,0.414594342417347,0.343276377462346,0.399291051401722,0.679430001150109,6469.9094363682,6296.80818655897,6424.81833035312,6889.99548232191,0.227525900482373,0.213726032440335,0.227865316623712,0.235256378629648,0.292847429858173,0.274808691502232,0.293412379818954,0.300725938232185,0.348067620205863,0.332753119017463,0.346790233941803,0.389590996253383,0.108851764586993,0.0864057156036901,0.105946174747794,0.165156166324618,0.3624,0.2714
"50","MAR",0.527217330157082,0.498180221887876,0.523114669093476,0.573071067635221,0.480830297014685,0.421802322596103,0.471970952086397,0.580158968310777,0.812173151712226,0.607995507665977,0.775219359925331,1.24728360297311,2500.18468081829,2334.45561790766,2467.93740459415,2773.64803945435,0.185100406625043,0.16686613040535,0.186067852661863,0.197336877685364,0.227281324998206,0.204874492190634,0.229494086184491,0.24062741139114,0.463692764909544,0.431556609326551,0.458103607574342,0.517284461330458,0.201529237644075,0.156602978251958,0.19903093311706,0.275455430820401,0.407,0.331
"51","MDG",0.55929803130431,0.514405675526453,0.548751390648907,0.915964800348594,0.563132444925607,0.45102621574591,0.521791254837807,2.20213402230949,0.981306013068886,0.593552745929983,0.797560402172967,7.1775688606344,472.665945971559,401.25371342782,433.351605668019,2323.59609301471,0.163722488837494,0.0312534133416238,0.166833472796005,0.181029038425692,0.216534298327303,0.041179064983361,0.221725370501856,0.239072951578646,0.482288425189091,0.430626079445027,0.469601607341817,0.901414771907711,0.214625191187665,0.142477586303319,0.194850573847416,0.850053677068826,0.424,0.343
"52","MEX",0.662352073761384,0.612036544141793,0.659062487684851,0.743027384054357,0.834809551733697,0.690620077526782,0.821192005880675,1.1038973468169,1.46951026281392,0.974820995377483,1.37001815321081,2.70853349883607,5725.14511839144,4935.00463819357,5530.05981223943,7496.52248560823,0.117319402995569,0.0886049796156446,0.118659036134655,0.136324787392352,0.170881571003196,0.130037674152099,0.173098451126825,0.1971418021957,0.588972389836478,0.530384802076694,0.585276943939689,0.685435460376281,0.317029736475516,0.229747705061785,0.305117127756066,0.476161333515576,0.458666666666667,0.363333333333333
"53","MLI",0.480333823339377,0.456464049644082,0.472734718619344,0.766530251769489,0.399144962941176,0.350860559634201,0.380114876060561,1.19156219166554,0.638638196223909,0.453949347297432,0.543880691950798,4.64530631585247,720.029212576438,677.386495265688,698.943978191678,1585.13329548963,0.202472537918547,0.0907419905267942,0.205129771971365,0.212955642378777,0.255955048658837,0.115031740943804,0.259566107574358,0.267882398263818,0.404746716736091,0.377551894897589,0.396681376276862,0.732246984155619,0.151300047604746,0.112377016871544,0.140616098240408,0.614399563168674,0.3595,0.2795
"54","MRT",0.50648619887331,0.475333677935681,0.502120576846761,0.562053523565547,0.45141614944539,0.390067339279054,0.44206453933979,0.572116564626655,0.699936575006237,0.502483500444208,0.658446993269397,1.34975230704188,1254.85657980413,1169.28474756909,1239.29973236591,1407.24980353641,0.190963533023278,0.169876954381982,0.192504631947537,0.202952907475912,0.247137234463855,0.219264813906452,0.249256593403143,0.262935110021727,0.430680377447363,0.394714480548843,0.425451309857785,0.496289863209518,0.172425318744285,0.127024391810855,0.166791794716821,0.270350541508321,0.357,0.262
"55","MYS",0.552324784966943,0.528158422380945,0.550046308375597,0.591551706724532,0.54530552177359,0.494947551798242,0.538565634254591,0.634143401350227,0.742063482152562,0.590456455264481,0.701194432535396,1.1850006227488,5955.18014198914,5598.56637992086,5936.22763126148,6543.7091002386,0.158124469664758,0.144982364763979,0.15845985979175,0.166759868608302,0.229066900735919,0.207290036706528,0.23048832706706,0.242494728913877,0.454153005105993,0.422926164168345,0.450386299993495,0.502544452957283,0.170486896700377,0.134368188832816,0.163881942632286,0.246198051742747,0.458,0.3445
"56","NER",0.430401236829197,0.411703244433696,0.427715949475506,0.452498974001778,0.314171873694015,0.282731831251326,0.308106242926145,0.352004686052645,0.469706337791243,0.371532180030507,0.455835809101022,0.593784198383978,743.45560217621,712.55441287764,740.652032874683,777.02595526802,0.234728736524522,0.224842441436068,0.235644292788838,0.242785582396454,0.271278618791457,0.260461990995319,0.272039547634955,0.281493754587578,0.374421473263266,0.352030895951445,0.37051678270073,0.398271985468847,0.13142900734598,0.10320798431767,0.129283408427938,0.160088909544089,0.373,0.314
"57","NGA",0.640648528735345,0.594947631944595,0.628602746701768,0.766496687465278,0.767044759992133,0.643670212633544,0.726504139404081,1.19305966096877,1.38809965161449,0.89668761181143,1.17693311083801,3.46528769682281,719.712312514369,629.837232545316,688.491955150234,1077.60995735904,0.127107762365746,0.0834033467727045,0.131134728543148,0.142749845172879,0.180571946471078,0.118272874499955,0.186897787799106,0.203793614167487,0.56630381059973,0.50834333007868,0.550608536148182,0.719478427506835,0.296550899792317,0.211494676887073,0.272260854381859,0.548112853430476,0.43,0.327
"58","NIC",0.606212941415045,0.570156115643996,0.597351127696721,0.677926611260694,0.70720915231602,0.621599476580809,0.684944343067175,0.907563030414618,1.05987194795697,0.778361002446134,0.953183250738017,1.97322409428541,2317.73595093613,2094.84985204572,2277.6883284176,2828.75234747479,0.137618265128505,0.112074152747192,0.140237451121767,0.15178626721328,0.208321952531681,0.171460083999333,0.212180156023834,0.228714850625946,0.516651035067329,0.472774218706847,0.50507405217088,0.603957479574297,0.238734149990531,0.182048807910099,0.222299406367665,0.370932455817042,0.439,0.342
"59","NLD",0.34025030589244,0.329821283235112,0.340115142328844,0.354122919046818,0.196980282163086,0.183570185295435,0.196258436315703,0.214557692626897,0.254293902304061,0.219618732251902,0.250228050427877,0.302315488023388,17086.489542185,16760.0521673009,17029.260192137,17608.7086915223,0.282490691529318,0.275630152324249,0.282830433825104,0.287564880613152,0.316959901613395,0.310012226408831,0.317011388434082,0.322421615992384,0.291946946229807,0.280215449564056,0.291454736894335,0.305798973709168,0.0796738323509033,0.0674216240758391,0.0786578985729747,0.0938114117948751,0.2892,0.2346
"60","NOR",0.30551846806632,0.297271554616167,0.3056519252893,0.319698459923994,0.159378667563606,0.149579862389132,0.158742770523707,0.176610920171791,0.195275563632093,0.176697898808106,0.193002431040623,0.24021870586732,20038.8833742154,19743.9936711525,20009.9661114172,20450.9614000707,0.302564831120728,0.295947406935326,0.30252146950297,0.307113932712687,0.332341604558638,0.324975649567725,0.332665290834721,0.336338818546484,0.264375200220255,0.256100526727745,0.263600365622945,0.278782021425364,0.0651710888037126,0.0575725201514329,0.0646878693084734,0.0780406906908504,0.2648,0.2148
"61","PAK",0.368662936975608,0.355165667317297,0.367460925032092,0.383705324851975,0.228255516073699,0.209580901551524,0.227201121396971,0.248279466100078,0.327777590623892,0.284420045057689,0.325057598286948,0.382988651231156,890.494051065843,871.048831574753,887.531679905261,919.040970540185,0.269690986389242,0.261698836989305,0.270516236243327,0.275391503405143,0.291446343565461,0.284625852785141,0.291506844545505,0.297281612577509,0.328006642180724,0.313120006956248,0.326945614671856,0.340405135314496,0.101246670599241,0.0859113227554071,0.101361578801977,0.115159472402771,0.307,0.2645
"62","PAN",0.686544063994146,0.619096206755688,0.675826142350692,0.824080034029097,0.920699931948417,0.716934848208953,0.874832554435849,1.48589921614443,1.70463028834556,0.940902452299482,1.47172747350177,4.18913525298847,5281.98728432827,4198.06958684871,4980.91121213321,9099.97666762195,0.105449630314338,0.0593162325333645,0.108865890939832,0.127953244464601,0.159234360492796,0.0897234901767559,0.165086005636312,0.194865413405481,0.612324361279908,0.52706115555046,0.598599061112224,0.782845072580962,0.345088169153605,0.213296616802769,0.320254019490944,0.632482207435798,0.5268,0.4026
"63","PER",0.617843465117661,0.571249480416686,0.603540058432029,0.96390256437599,0.757112223285361,0.612415518608621,0.689332791293317,3.0859406687053,1.22729643534705,0.723412370889169,0.987363831122181,8.17659280230829,4915.15681039346,3685.31896673802,4015.20469116165,44245.74551552,0.131234961972535,0.0123823795386487,0.136057382988497,0.147198832984545,0.199853531999927,0.0188515826658028,0.207472774740274,0.224479497938,0.527101230927967,0.467408012620078,0.510099156724618,0.955499499440613,0.252604886046108,0.163088352560084,0.22381148827863,0.929196869897747,0.4806,0.3616
"64","PHL",0.543838053185518,0.506696348876584,0.534715477724526,0.889907281594659,0.524411813719137,0.434482246639436,0.490749391178447,1.93113218750879,0.897816610630178,0.582466032597147,0.743598014187007,6.65258205665535,1678.69300086146,1482.22197952844,1560.37348448547,6644.30054320669,0.170902329938941,0.0411980751530672,0.174623765144219,0.185747470767274,0.222951364627279,0.0537891619429991,0.227988225459751,0.241400175041032,0.467048819047802,0.42584603323029,0.457159559754325,0.87144934141785,0.199300767601403,0.140497138990574,0.184668884749202,0.805315953666144,0.4235,0.3295
"65","POL",0.385667994875291,0.372616408652369,0.385143989822777,0.405270969237052,0.259265010137557,0.240817941164248,0.259138262668418,0.290927469241658,0.32237612236166,0.275046593027963,0.312672668902398,0.454779653299699,5125.40643454317,5006.49741561853,5120.90753041389,5294.7153337942,0.252526012051046,0.244721334853253,0.252672964683846,0.259105378930102,0.308756202856625,0.29821220141284,0.309295689386288,0.316050421907142,0.315605929589683,0.30132818842542,0.314955441866882,0.338363029456569,0.0900519062560518,0.0758371441075344,0.088715042622688,0.12159310983115,0.3354,0.2648
"66","PRT",0.439355067230591,0.421710574959945,0.436731947505275,0.471378390759964,0.333472500392065,0.303070776233531,0.328579280957885,0.391393321932266,0.471075936359835,0.373487039532219,0.448417150500043,0.758785312035217,9474.19864649472,9095.83827054546,9410.2416379615,10022.1468833589,0.225153577461716,0.211957590641247,0.226079486565492,0.233412464481304,0.278632138082361,0.261421075508233,0.280163124908484,0.288084247759003,0.367959486143351,0.346814252678837,0.365863314386254,0.40369132052031,0.125132567215599,0.0987468241751207,0.121504563058658,0.178223334775112,0.3642,0.2858
"67","PRY",0.689271787467599,0.635707432093788,0.681605548998059,0.833675424802196,0.923881929749118,0.753945196483069,0.89135109155859,1.54109782765397,1.69073828697224,1.08354937972657,1.50203127672842,4.45177855967576,5314.81264378706,4430.64340130819,5039.67964051547,9618.99835232572,0.105985827849632,0.0571198858223982,0.108920072878055,0.125724635101625,0.156757059377411,0.0844376464615336,0.16104692713823,0.184619191266666,0.619168405056783,0.556156441003379,0.610653554902053,0.796926797820811,0.351780115632395,0.253319622816999,0.335486559973215,0.653795693944692,0.5136,0.4072
"68","ROU",0.42663003151447,0.407287284978372,0.426917882033422,0.442274542545379,0.338882410715589,0.309364233996984,0.3387564116497,0.365947823177292,0.367666262768108,0.315605299160347,0.365825039157377,0.426506158592257,2851.91131769895,2752.7922198112,2852.45367346524,2927.25246060577,0.222305223974909,0.21581245201377,0.222197288950837,0.232257878070833,0.305591429831163,0.297277399002256,0.305388998664826,0.316192876965452,0.329865399598606,0.310755330939884,0.329798188145613,0.347602154082189,0.0915252262671325,0.0761986869172549,0.0910828170550244,0.110740587119253,0.3692,0.2672
"69","RUS",0.542120394838454,0.51005053388693,0.533608681951716,0.640554192245522,0.513557010103015,0.444066146524596,0.494582000452232,0.754892955944493,0.869307989278322,0.602996077616606,0.783923600234436,2.01239678172939,7366.95219620188,6820.79308671547,7217.39467412459,9285.60434286913,0.174753771338446,0.137834827901256,0.177588437893117,0.187906753748087,0.224424491863315,0.176571732482786,0.228253869571496,0.24120461474835,0.470612024608303,0.431162969435724,0.461570202970438,0.585282809440241,0.206775922892526,0.147283266474752,0.19920656123825,0.382919496031996,0.4084,0.3166
"70","SGP",0.477219086761427,0.46588466011999,0.477688358144219,0.48788810762362,0.43114437108214,0.409659172984065,0.431313367940829,0.44973456270989,0.406688065392403,0.381276384535965,0.406681573560977,0.430738033172906,17415.4135636942,16927.0113928541,17376.5125075716,18082.0678551856,0.181045835559624,0.175444604398213,0.180669942880061,0.187152100218275,0.283230271549935,0.275191323773973,0.283311383024308,0.289424203765127,0.345950810903407,0.335277708277776,0.346770560647486,0.356881527244881,0.0759805519608344,0.0682613423846789,0.0761162653577756,0.0848466977843038,NA,NA
"71","SLV",0.583295075233336,0.55162077786317,0.574019205916077,0.924566131617678,0.627409530252223,0.534092569861362,0.586450755753129,2.31624573324512,1.03163636315467,0.688991528529323,0.850784529248002,7.29637950678683,3676.53249659159,3135.58678174627,3332.29407009236,18955.8640526654,0.148500272045651,0.0268646901106026,0.151858275460704,0.160620732552447,0.209808501988615,0.0378372714068251,0.214691716147532,0.225802837918259,0.496844986971759,0.457962483995287,0.484848180747304,0.909101479383332,0.220590840462827,0.162817676452579,0.197343952530077,0.85757623360653,0.4542,0.3532
"72","SVK",0.277856913904951,0.271742454270675,0.277735814255857,0.286229780039112,0.137765412468512,0.131450754646623,0.137551555950563,0.147218373273768,0.146603297413074,0.136090279983585,0.145496359771631,0.158962604288416,5142.61693371905,5088.98842435556,5137.09428840717,5218.42428634946,0.316683959875596,0.312495236943712,0.31659971558529,0.319781924491956,0.357112742004998,0.353764086597298,0.3571048340049,0.360510185824846,0.233133508203164,0.226746161848848,0.232781672400369,0.240777065253833,0.0491866145379509,0.0445715069029649,0.0489557907405803,0.0539645771169594,0.262,0.2148
"73","SVN",0.259917143585082,0.252944270052671,0.259514791192194,0.282667046010826,0.115032698856742,0.108658457364677,0.114379655298494,0.142382562125447,0.129656833529055,0.117262095957135,0.126066986894947,0.235205303297731,10845.3966504174,10754.6536308349,10818.193435989,11218.8066606497,0.327557665494626,0.316532846683398,0.327826383873432,0.331536746899887,0.354438685734103,0.343946272804722,0.354373779225594,0.357520458526616,0.225520496776473,0.220342938398825,0.224725648310668,0.247541682119469,0.0464435275227287,0.0408860704066767,0.0459165758432892,0.0692685264423171,0.2444,0.2042
"74","SWE",0.289018231153404,0.279320870895814,0.289484911356942,0.298153331136488,0.143661424289573,0.132827310633188,0.144062614109267,0.154341878627997,0.162782829012882,0.14421292337894,0.162287936754711,0.184037325704985,14701.3973334751,14492.672883834,14708.4707458265,15006.7117067256,0.309694618835956,0.304946276360319,0.309388928148003,0.314674373186214,0.346067376503494,0.341569152398836,0.346507509989885,0.350093349153507,0.244187463739699,0.236156823336672,0.24414889491468,0.251726430715127,0.0541200903627516,0.046786978860404,0.0542262639018133,0.0612002767667238,0.2732,0.2164
"75","SWZ",0.665934576514333,0.613134975654501,0.651743951034288,0.98312956585327,0.870523143597386,0.679515213071771,0.783158826053807,3.81516657949362,1.52720047105784,0.910878336278601,1.25426019351798,8.6199079234481,1994.0956986338,1247.10203888924,1394.01786699734,29128.3355542204,0.112470385943176,0.00559586354428222,0.11734873539287,0.130085099436618,0.165731941032617,0.00832520451507366,0.172659659413394,0.191704556576099,0.587880961791022,0.520690767678777,0.570203380576278,0.979268598647682,0.30935378888867,0.205849856545916,0.280771252707176,0.964600567751207,0.515,0.4
"76","THA",0.513424766800837,0.480596734227344,0.50382776526223,0.862854744575048,0.46326299921072,0.389126183063078,0.431340933903703,1.71706296105508,0.802303786289432,0.524769400212032,0.648623267523904,6.28179898933775,3290.97074688281,2969.12562880252,3104.17284801204,11285.2567133648,0.187690472634546,0.0529268302980402,0.191697589441348,0.201282591520412,0.236858581657676,0.0666564254531628,0.241577114626813,0.253422340394928,0.441205785037236,0.404931713618323,0.431075658962761,0.84270592126194,0.182629220180768,0.131121206648147,0.163956745617772,0.768872361538329,0.4018,0.3114
"77","TUR",0.467474394989133,0.444626666955925,0.465092768323808,0.510330273325059,0.394691863169056,0.356087935171938,0.390220520141803,0.476886596961176,0.518201493043689,0.420965640688813,0.500063171685543,0.914700417378965,4301.68149643572,4105.67843708978,4287.82182220138,4654.44933767406,0.206574321751414,0.189415968354309,0.207405636818491,0.217140781272064,0.276267945122744,0.255551680308373,0.277267237622214,0.288212327102765,0.381572151956635,0.357021499291388,0.379337143982028,0.43111199240633,0.131262613043271,0.104183914290103,0.127081023599255,0.19554174381457,0.3896,0.2914
"78","TWN",0.35279352176813,0.33976671643376,0.351179250706192,0.374905042120218,0.209816129264972,0.192365235581866,0.208049883481447,0.241394580196518,0.284530565083535,0.23598890361994,0.274883429671112,0.38661026494,12590.7225633091,12302.6231760598,12544.8729812689,13015.8024201957,0.275632798233363,0.26584154407707,0.276361995188007,0.281868600226182,0.308014808285089,0.296628024620122,0.308557003888838,0.315464145897684,0.304622975534997,0.288893471264228,0.303886118837362,0.327287227429048,0.0873646643539668,0.0717844599461948,0.085301847381157,0.114532720556929,NA,NA
"79","TZA",0.463706364561375,0.441755758798974,0.460359940729523,0.502094171284442,0.371544784037406,0.332835710926189,0.364650604357515,0.446429012929056,0.552570939299875,0.434777496780028,0.520970611842019,0.945691947376153,524.998032200738,503.969560376487,519.848147320161,565.020637786729,0.213073740618304,0.197782205299794,0.213893220585872,0.223651055670047,0.265530228566491,0.245152563619299,0.267029579352634,0.275179314414314,0.392151279453247,0.36953661346281,0.38803048996245,0.436326774559261,0.143003327343648,0.111847723014736,0.138833419057736,0.208895778610739,0.403,0.319
"80","UGA",0.587267328522446,0.536667558081212,0.577554459854938,0.696184083492871,0.608641724249042,0.492315525898553,0.582809036194081,0.909867844042973,1.14450069027736,0.736102050757642,1.01071951166131,2.60297769881469,1158.52510451894,1023.77593425678,1116.35521242042,1552.69473618231,0.156383773588083,0.115037359767365,0.160355949104493,0.1764030925765,0.197473201740806,0.14547220819667,0.202748568690954,0.22210046311699,0.524242871909529,0.466025810321001,0.51350889909256,0.650133386136835,0.25977130717268,0.182334240009609,0.244147488424142,0.449964885327803,0.442,0.364
"81","UKR",0.317389948619656,0.30929291273451,0.315172494070867,0.363050612634294,0.168257776548084,0.158120554307283,0.165568781274245,0.235425291054585,0.207233619473236,0.18253875155943,0.198385228598191,0.545365674555185,4182.02554885807,4103.35913274355,4174.88561421623,4471.7355962601,0.292099855610823,0.271937093122786,0.293229195283955,0.296511200285776,0.329121699351028,0.307389254133732,0.329861237716917,0.333664311109941,0.267063386493677,0.259422318020598,0.264961048348433,0.314943504587516,0.0644975228240375,0.0565538751982161,0.0627947579919349,0.122859454682059,0.267,0.2204
"82","URY",0.572556673559833,0.543592940110639,0.565532149842908,0.901290094697986,0.600858518321024,0.521217051875298,0.569963987309383,2.051312040672,0.955832803229709,0.65809769005105,0.80153940335184,6.75964530256812,7086.13171228568,6271.24550262404,6589.89274501712,29133.912434407,0.152321264768476,0.0350452335871615,0.155174701883545,0.163887530476483,0.21658941639645,0.0499056290257157,0.220703255309663,0.232008471252782,0.482887148911761,0.447176118074206,0.473641649327916,0.880392777343121,0.206157305992478,0.148549357726721,0.190580412784593,0.814595735516836,0.455,0.3466
"83","USA",0.511032827939458,0.493691848284639,0.51017547780641,0.528313925275031,0.491682275030896,0.459541737373427,0.488593314562072,0.529917567721379,0.602075149454359,0.508957028718705,0.594414050920897,0.771231427143987,27629.837342574,26629.1345293406,27507.4554503517,29042.5835172751,0.178753279727179,0.170664691245069,0.179260732045337,0.185059791642249,0.261498895037852,0.252341154797946,0.261756605462547,0.271637412360802,0.409815710677397,0.386403626640604,0.410910183070959,0.429667876057735,0.143708659345744,0.118633715229229,0.142912892483393,0.175178486549472,0.4075,0.2995
"84","VEN",0.542620384832633,0.520541577809867,0.54002386449991,0.612160604519913,0.552621535326201,0.505332044752919,0.545519959239087,0.717077120241816,0.75042454260882,0.609290136400816,0.695190996548726,1.42317488136019,3284.49463319927,3109.58655535934,3252.92743372794,3841.33527622132,0.165689237055758,0.139217738432958,0.166495832618659,0.174210564702609,0.242362462460073,0.206416664715658,0.243615904939834,0.254217709442568,0.446891015695223,0.42052823856584,0.443069625990798,0.529646118111393,0.175693305098666,0.145408631635699,0.168736096801014,0.290696460235683,0.469,0.341
"85","VNM",0.437647586704895,0.413260179830563,0.42886841821703,0.694135737677979,0.329805117925359,0.286500108017584,0.310908607211493,0.934642023406364,0.521611958022252,0.361793323008642,0.425314729096933,3.83495325774611,1206.07658479124,1146.21661152558,1180.96025534604,2206.41586106161,0.226875528755806,0.123581328952255,0.229949730141048,0.237682452824141,0.275213722154755,0.14953459849774,0.279137169611186,0.286948279901758,0.370132699501195,0.344920035018752,0.36045194226619,0.657777672357443,0.13000984456577,0.0967160653383766,0.115288843044541,0.525387649977052,0.369,0.288666666666667
"86","ZAF",0.859441073660091,0.780774168505732,0.84719898443492,0.999663870890812,1.90722613994497,1.27439041517681,1.6395730303984,8.10860830226063,3.59027425094276,1.91618136500426,2.9383740450607,9.19097768423089,114118.13443299,5518.56803116794,7888.71208572223,5197367.72275318,0.0393262848559216,6.61448215322786e-05,0.0423246219398568,0.0621287397750153,0.0656509663290737,0.000109610532529657,0.0715660301557799,0.103447759493592,0.819021163195471,0.716890023896791,0.802533714145082,0.999696257556615,0.611070666514214,0.407361847023176,0.573870637743403,0.999337618024115,0.632,0.513
"87","ZMB",0.728684587286718,0.655934286030403,0.707356578203621,0.995715175771963,1.11727887325898,0.798500648224599,0.961982675634718,5.2073773575067,2.09359166085608,1.11571855288689,1.65848207477544,9.02039130165769,2054.47003325715,699.486503176221,832.199025760788,58099.4956297742,0.088091423978742,0.00136364645960724,0.0951498693589286,0.112583878125392,0.133592847939371,0.00205747467544883,0.144547407236386,0.168621708305322,0.661708617658743,0.571975803947397,0.635721858290349,0.994781655426676,0.399489666411736,0.244857237233329,0.354935139432098,0.990723235172122,0.551,0.442
