"","contcod","Gini-MI","Gini-MI-0","Gini-MI-0.5","Gini-MI-1","MLD-MI","MLD-MI-0","MLD-MI-0.5","MLD-MI-1","TheilT-MI","TheilT-MI-0","TheilT-MI-0.5","TheilT-MI-1","Mean-MI","Mean-MI-0","Mean-MI-0.5","Mean-MI-1","Bottom 50%-MI","Bottom 50%-MI-0","Bottom 50%-MI-0.5","Bottom 50%-MI-1","Middle 40%-MI","Middle 40%-MI-0","Middle 40%-MI-0.5","Middle 40%-MI-1","Top 10%-MI","Top 10%-MI-0","Top 10%-MI-0.5","Top 10%-MI-1","Top 1%-MI","Top 1%-MI-0","Top 1%-MI-0.5","Top 1%-MI-1","gini_ref93","t10_ref93"
"1","ARG",0.865608132163936,0.785099384516542,0.854311311178832,0.999742899072381,1.94462928670872,1.26147588160285,1.65143404157079,8.48422547997453,3.83310364826973,2.01967527845791,3.31619904655046,9.19431015090227,484868.995039615,16012.0638723564,24018.3316458914,22609294.7477207,0.0399787046488062,4.67914767670209e-05,0.0433474908543894,0.0646287295229357,0.0611601301786475,7.10686250042963e-05,0.0664081284740249,0.098020059888801,0.832227651708925,0.728687642741021,0.818141366478553,0.999803728150345,0.641009512332775,0.433410678059534,0.617543514402505,0.999575750161064,0.464,0.351
"2","AUT",0.583100600066772,0.562381752197971,0.583451731907675,0.610509313535726,0.592834721468929,0.546986878652724,0.594040479703939,0.657697067158259,0.955525140625047,0.848568823707902,0.958440699462126,1.10559019389938,27390.8236013618,25655.2347863489,27310.3816308297,29675.5448118657,0.158389771551923,0.147135042455792,0.158318985366545,0.167754325031088,0.196240122066073,0.182547397890151,0.195699004068221,0.207830313199153,0.522053181478932,0.499890370402303,0.522457305754721,0.553710228917355,0.2363131584941,0.207197919432799,0.236262970071528,0.276631348938764,NA,NA
"3","AZE",0.539446249795716,0.529858829892387,0.539545437855064,0.549431149001055,0.497726091661229,0.477752088924142,0.497503038257847,0.519038276143669,0.607820481436905,0.579539384406633,0.60921213362915,0.636336141526344,1709.47619885112,1659.12598096649,1710.10250124806,1774.44864040086,0.169630296526145,0.163808520382529,0.169780224361223,0.174555953553909,0.216803033226593,0.211623568451124,0.21718848928913,0.220695859100564,0.459333458931529,0.449239058074261,0.460113337048734,0.469145007949524,0.120342900868307,0.112454905717482,0.120084235276808,0.128498866297181,0.347,0.268
"4","BDI",0.564497431921702,0.552735564399636,0.56482669462445,0.577764026597555,0.541936830248648,0.517805364471112,0.542635858641154,0.571187914851063,0.729383020426324,0.691491134913315,0.729823381473088,0.781540396914761,556.113837575469,536.031599982145,554.573856555487,578.397754675631,0.161644823028531,0.15531528019643,0.16154542022349,0.167660747721134,0.198705866320311,0.191462561669045,0.198766707710011,0.20492387818181,0.496837425460154,0.483126179586932,0.496866379206144,0.513724741030991,0.159664061075938,0.146364358295551,0.160996526874815,0.1719959517777,0.333,0.266
"5","BEL",0.462082613778887,0.451396879933539,0.461745670085522,0.475387500456549,0.356676270561462,0.339502668434164,0.355670527294911,0.379552717413927,0.465408619462936,0.435942011515315,0.463937031247826,0.508621186224566,18530.4590435425,18000.7577643552,18525.7904726251,19183.590676844,0.215208886362265,0.209879766326647,0.215406413097128,0.220751285602082,0.252981110786107,0.246671940963848,0.253098430872716,0.25890056038951,0.398729487171763,0.386195186549218,0.397791944661323,0.416138875283915,0.114870753061012,0.106979870246214,0.114601256951331,0.127297637525908,NA,NA
"6","BFA",0.884720831858251,0.814853957908271,0.875623193923112,0.99976284578151,2.15727247755485,1.4831027400457,1.88832495442252,8.70069431189592,3.91208797215863,2.1731118511156,3.37902447289387,9.19268872820537,53567.2473462646,1794.13416939112,2740.90833820713,2501355.3268138,0.029685076723382,3.45389062533404e-05,0.0316001996900678,0.0484075131958466,0.0534789748750258,6.29673168039684e-05,0.0570024793144408,0.0867573388471217,0.84833947803434,0.756421386608138,0.836607810682144,0.999820048317287,0.65482030348859,0.456105216588597,0.631416689552671,0.999570211977075,0.481,0.395
"7","BGD",0.407176702698638,0.393204294974298,0.407152089154543,0.416096818419084,0.262760979326732,0.244315400598843,0.262682540919102,0.275011459046504,0.29790587040065,0.278815015137177,0.296841071428092,0.311589467156988,606.412646421596,585.245507332969,606.359249458591,620.383438912336,0.232818309663933,0.227442916432675,0.232922182801742,0.241658396667747,0.26811887422641,0.262871775304623,0.268272196869144,0.27592526431806,0.330519741749279,0.321112619691367,0.329980760510186,0.337593620119303,0.054986286487309,0.051554251756366,0.0551852076945622,0.0595462657126264,0.3025,0.257
"8","BGR",0.400656491299321,0.392321169003103,0.401108407614667,0.409966162241719,0.264427500689302,0.252065217583983,0.264711044838017,0.278005022728914,0.343293035167547,0.317410252044381,0.34275501628742,0.368325593992333,4946.40754410742,4861.47162667933,4934.94669646937,5055.74492843034,0.249554886583262,0.244223790723568,0.249324074754977,0.253906477998148,0.276666577602731,0.27297812969991,0.276648646303466,0.28113606306027,0.349635610323977,0.339081965303277,0.349821875234409,0.360629884053872,0.0920911503929516,0.0823929601452522,0.0916916466062242,0.0989615147752776,0.307,0.247
"9","BOL",0.890984142153296,0.819470353718404,0.883969303979241,0.999762436143588,2.24604740396113,1.54199018506785,1.9917938158372,8.73083750932072,3.81496349489025,2.11507249283077,3.30829703195989,9.19273441590373,257917.379047585,8893.01280021574,14179.6414056422,11997453.8103496,0.0258394571521892,3.2593934539511e-05,0.0273462877517127,0.0437740914800238,0.0497590246005119,6.23620932681603e-05,0.0527492010127411,0.0837459488796888,0.853815846297111,0.757333986262218,0.843823330424424,0.99981530558209,0.650358502548389,0.435523466872574,0.621200283220135,0.999555321197037,NA,NA
"10","BRA",0.907148419560277,0.846346529727297,0.902565603320315,0.975779816832561,2.5880710684997,2.0113209992504,2.49409075233004,3.87148483135258,3.70130557058914,2.21185220421109,3.3384155413597,6.62098376212426,20733.1882857178,10581.6873279433,17525.4944528799,69050.2047158219,0.0156445028052212,0.0041308196281197,0.0160209508239347,0.0267219349197024,0.0409622125814447,0.0106220069864665,0.0419034334160665,0.0698487356574213,0.866358835022467,0.775168442976667,0.861246467670719,0.965977418107177,0.645072602302166,0.439396361847269,0.630382058383511,0.906255385684355,0.576333333333333,0.452
"11","CAF",0.910314559007526,0.867992469650888,0.910004111344975,0.965373572660156,2.60906774162308,2.1703534748283,2.55964028917498,3.5254925749695,3.72428627311666,2.43567333150624,3.47647176586628,6.07184653629048,2286.76182161915,1393.55681667969,2046.51615732004,5484.77476145383,0.0147798018740972,0.00572609891160587,0.0151257059156393,0.0224113015253093,0.0389349660561152,0.0149830194652513,0.0398438420306274,0.0582038652770902,0.870978971587555,0.809756712127231,0.870340458456366,0.950828122664188,0.650403828149446,0.489104776645353,0.647872365487153,0.863014836687849,0.613,0.477
"12","CAN",0.573756255274267,0.550186351811293,0.573868645217335,0.597341076112708,0.577484743178044,0.526231343415031,0.577606211332604,0.633800562140564,0.928320793232024,0.784355533253583,0.9251443347493,1.09467533879631,27029.8521501112,25519.0147974886,27048.1453087799,28903.4969417001,0.162126385697621,0.151661993943072,0.162288213634803,0.1721708342393,0.204848967656275,0.192461485785225,0.204837763151339,0.215914318157551,0.509076695882981,0.482070471864212,0.509516503109037,0.535350643650004,0.229834129559304,0.192608683646098,0.228557011489244,0.264857589073029,0.3115,0.236
"13","CHE",0.586452331551979,0.566431883664268,0.585975895712592,0.607260411704222,0.606301963751431,0.561018411300333,0.603794028712017,0.655467420903619,0.90605742914539,0.806310812905756,0.899338897773269,1.01453027327346,33675.543499853,31964.8672464816,33509.0018761757,35801.3091338351,0.154383770003675,0.145845576890657,0.154661694728383,0.162160265012763,0.198714562842528,0.188008585074723,0.198225000080164,0.208516564242411,0.519012385700515,0.494255594141681,0.518476690557936,0.542388602457658,0.221501022169634,0.194350674208981,0.221798221843713,0.250866938385934,NA,NA
"14","CHL",0.896130964704412,0.837509214376053,0.892062703653339,0.999769419670731,2.33814278893289,1.69360398453336,2.1229331277598,8.8399800027793,3.83089818635925,2.26307669096479,3.3988474236413,9.19296975877959,416295.004066783,15078.7892357708,23165.3144735179,19424893.5956417,0.0230923645828915,2.83634332088267e-05,0.0235589671289298,0.0369328671084356,0.0474369179694527,5.91309855277103e-05,0.049285444806822,0.0742375289337845,0.858358937690798,0.778440768090847,0.852579427934508,0.999821516385644,0.654075914223079,0.466161897156895,0.638501627507589,0.999550521318672,0.556,0.4555
"15","CHN",0.751432309274914,0.715937877514573,0.752187980742191,0.780039413731443,1.10557067569135,0.971181939173559,1.10680361465132,1.22358403228179,1.94074217103177,1.5446062388101,1.95259773358309,2.26880096420255,1793.35961829684,1563.86261612428,1775.04611489052,2031.87048268392,0.0836618369146975,0.0738320418679173,0.0836676792607948,0.095903147556548,0.114773174909098,0.100888312306716,0.114366546756631,0.131602839803627,0.702008691911624,0.659219879144556,0.703020480358202,0.737710882112337,0.425494771592097,0.341590088627731,0.429112087641151,0.486337391467531,NA,NA
"16","CIV",0.763472407087363,0.723779840094721,0.76241177635596,0.814405780524197,1.1428328044897,0.983462548851833,1.13387864850341,1.38096547759134,2.17562314984845,1.70606552770153,2.13712471616508,2.79274832611288,3426.0876810346,2870.93664712736,3398.41014220767,4440.29236030165,0.0813822318791343,0.0627121193626195,0.081170691201468,0.0958645836388656,0.104889267005736,0.0815934065657953,0.105251065624673,0.123361272082842,0.722300204712824,0.675451534080788,0.720634994678141,0.780784865229076,0.464100868184447,0.380855544492871,0.45893921241998,0.567778790247737,0.4,0.3115
"17","COL",0.885431365060803,0.82249175952669,0.87975099644211,0.99974561801134,2.14547269261828,1.52683151072921,1.90944723390808,8.57521094693945,3.76421493667326,2.11341530536895,3.35997237140007,9.19211275583487,282059.86939687,11152.5504055491,16242.790712852,13090918.003299,0.028772745527567,3.80386968137505e-05,0.0304760897558288,0.0439427221198996,0.0517920901570592,6.94415711259719e-05,0.0540648126010409,0.0796710444349717,0.849149984800742,0.765923199851876,0.842053531602589,0.999796429142629,0.645024798412772,0.431460400985985,0.624508277515359,0.999504284331557,0.515,0.405
"18","CRI",0.867397919190194,0.776900984750855,0.860208266591934,0.999745683924828,1.97114052046699,1.23429596530377,1.70579075356552,8.51798416691513,3.80817973496343,1.91055015664614,3.34811432195391,9.19341917772228,296943.606926205,9175.7526428279,14830.819636773,13864822.8932782,0.0384849735511722,4.40446328243991e-05,0.0407300769726751,0.0656653669649015,0.0607884548518347,6.97708503879311e-05,0.0639030058781653,0.103189897503083,0.832642962866349,0.717402873286006,0.822965398256731,0.999805347326432,0.638430894804856,0.404637661840198,0.614972905278515,0.999559382715719,0.4616,0.3416
"19","CZE",0.323440954261589,0.315817781633984,0.323657757001954,0.328386097617418,0.163777192525523,0.156164907750522,0.164024360336308,0.168748987263974,0.182688971859084,0.173902692143326,0.183107736767863,0.187769659566244,5881.11765504361,5793.39108437026,5885.79375980194,5989.87971567712,0.283984660184031,0.280610770064748,0.283817659639522,0.28856752766813,0.306351597940985,0.303223392438154,0.306121843241071,0.311176462432159,0.269648056422307,0.264334434740842,0.269620028791388,0.273340290373202,0.0407513635344347,0.038460613435226,0.040549621850538,0.0443611695008345,0.266,0.236
"20","DEU",0.534704845507379,0.51699815365406,0.535542330042403,0.554994840382722,0.489986002450057,0.454510890582273,0.492829505576537,0.531709944775782,0.728702656481255,0.634459432790021,0.732556491962164,0.824919613025427,22791.3177598933,21990.6081463799,22833.8900006543,23989.1440960972,0.180729949831833,0.172282076530497,0.180103082112579,0.187660807896097,0.219863885856439,0.209483829751388,0.219191733990629,0.22764393966149,0.471758432615075,0.451255639595934,0.472426118837158,0.493996323084773,0.185263140402162,0.158548143906362,0.186333303478871,0.213000932209471,0.291333333333333,0.23
"21","DNK",0.390163518626373,0.37854314699042,0.390993548787037,0.401352827703003,0.254839139315488,0.239519098453194,0.255993200198999,0.269299583948292,0.310092643854349,0.287595090205644,0.311797939241863,0.332650391967106,16567.8408565378,16067.3927628386,16564.8668926965,17015.6170521472,0.253755526734749,0.248105143108244,0.253299576806544,0.25972046904127,0.291123758001677,0.284234104107357,0.291133532608782,0.297891433119693,0.332050989562277,0.321057234086283,0.332164001187418,0.345198008496565,0.0817234403382234,0.0743679043045342,0.082181503640629,0.0863590148564981,NA,NA
"22","DOM",0.88582193834331,0.826099087204972,0.880647531842389,0.999768559631879,2.17978012587103,1.56344686624552,1.93991065685074,8.75626152909698,3.87471711869272,2.34762635412415,3.41275060453594,9.19410465297413,305353.419451373,10653.3248230094,15598.9414246947,14283312.3322152,0.0288232611161757,3.27041752894321e-05,0.0299954098354134,0.0444772506904009,0.0531151878354652,6.06452364958163e-05,0.0556061119672126,0.0820171670036398,0.848875336200443,0.769530144899932,0.84160988711236,0.999825703140315,0.653313244048413,0.482986640445403,0.635623047362295,0.999589810240699,0.514,0.419
"23","ECU",0.894326899394615,0.837897069999303,0.892890550540265,0.999759493232287,2.26745443835355,1.67401142820242,2.08697897905683,8.7271949842912,3.83412112133541,2.22721738425352,3.49402545670604,9.19166268251821,226515.080824722,9118.4586394889,13689.5517322492,10531698.3348393,0.0244820903399314,3.19429594046663e-05,0.0246152650063493,0.0369418245327453,0.0478385528583127,6.28502400855181e-05,0.0477890868494334,0.0732805955421752,0.857733162099824,0.780196188425786,0.85608643481519,0.999810904732318,0.654466641200133,0.464455863633311,0.651671186234907,0.999525387413439,0.534,0.425
"24","EGY",0.401077317725207,0.391554255844008,0.401136168610181,0.409262400011861,0.255293193872061,0.243263985610324,0.255379952435159,0.266231603692918,0.298082811835927,0.286751938909048,0.298303560088984,0.31086736431344,1491.08082591219,1458.00424436521,1488.92786072795,1526.16364837006,0.239660696417172,0.234654880414084,0.239716790820748,0.246099903145198,0.268994417083302,0.263891399328841,0.268707417836736,0.274696351414984,0.334201039525096,0.327840273508408,0.334198435661015,0.341816215629776,0.0581781726728834,0.0558381640239694,0.0580949573586991,0.0605708918785474,0.301,0.26
"25","ESP",0.610144682114542,0.59796772064412,0.609642203326938,0.622919830925538,0.667439511760256,0.637880333277701,0.666291012963189,0.698529721553581,0.868186067357479,0.821798657546902,0.868052114887849,0.913906979788452,16725.8660755191,15903.7833992419,16674.7779197074,17555.0472863074,0.13771367280991,0.131836188881857,0.137900611054641,0.143574809432247,0.186315954792569,0.178629093221077,0.186550762383049,0.193619490661337,0.53391857300403,0.519468349855482,0.534050969994662,0.548437608179474,0.18770003268389,0.176138413776636,0.187941456213745,0.199733686231926,NA,NA
"26","EST",0.815328829770741,0.753845209264935,0.816145217961154,0.888816197151876,1.40124021105984,1.10234349045813,1.39428252492238,1.89836331766815,2.81635446852774,1.8126777665162,2.84443205163803,4.17076770566077,13880.787827128,10025.0043494961,13790.1732191953,22808.6887134077,0.0610119981321472,0.0361648603809549,0.0601981805040166,0.0815333032455773,0.0815721861367381,0.0486388261009538,0.0806068707525947,0.108117953379874,0.780376536929289,0.705150426386885,0.782369013513129,0.868199139462537,0.552368433268448,0.39955867004398,0.550643525790204,0.720575518132477,0.395,0.313
"27","FIN",0.398055246962308,0.382822057626995,0.397415316955185,0.420725166141019,0.266442996901169,0.243794545068458,0.265442422210614,0.301893327826399,0.392861883368597,0.339240662148528,0.387423920601313,0.502072393242743,14732.7156505467,14351.0336433448,14693.9441667765,15451.5389049279,0.253427103565137,0.243452075055275,0.253801243592453,0.260335154291738,0.279880412602572,0.268602210925844,0.280106610345094,0.287509515175503,0.351853631165512,0.33562771285061,0.35130692293606,0.375168239885912,0.116074762638216,0.0997344319063922,0.115258351932149,0.143883525753093,NA,NA
"28","FRA",0.600529951593095,0.574000764057767,0.599434169608508,0.629455921457426,0.638033137883211,0.575853129737374,0.635225572170754,0.709762963592241,1.04010681249515,0.863479820920457,1.03647332564736,1.2324501849235,26895.9550226186,25355.9786517769,26724.3448859756,29429.9741069895,0.149614171462169,0.137757467074155,0.149990976616056,0.159051483595512,0.190807944068098,0.17661736535974,0.191122675603058,0.205428125577313,0.537153209686251,0.505016285090735,0.535009594229772,0.571205793841306,0.252969502013522,0.208974426849841,0.25334515688994,0.297265189486888,NA,NA
"29","GBR",0.715457468302237,0.639448646054392,0.706249885133279,0.882187646004837,0.983296350232685,0.727742530558687,0.93056949147395,1.84356443604945,2.09347132818481,1.1432698672668,1.83433975884182,5.25852017740883,31208.8201086664,23405.1347988781,28836.1309750933,70951.0671666848,0.100264432603368,0.0415529036770633,0.103326418481708,0.127440551402033,0.133139928594618,0.055206130129761,0.138146453585436,0.170134940188266,0.662868164761286,0.572419413324511,0.651917251828212,0.860851494167428,0.41274920649425,0.267225251838821,0.394459977372727,0.755943363562871,NA,NA
"30","GIN",0.866849060556206,0.779822857339893,0.859860278603248,0.999733604946412,1.95237348841817,1.23955079984649,1.69329022618942,8.42504203823395,3.80635301281086,1.94143551874961,3.24277239102319,9.19345397085669,47379.7147828012,1619.25820336693,2581.92883610722,2200195.02099239,0.0391140570243896,4.91029580166295e-05,0.040716504831416,0.0652189648115348,0.0600171971932388,7.46304643214174e-05,0.0628411780216798,0.100225588719095,0.833333536757759,0.723230785592408,0.824639025620905,0.999792797393697,0.638543459335627,0.405460411967406,0.612913678418274,0.999541339338539,0.4645,0.3385
"31","GRC",0.624751947128925,0.587828525165402,0.625688246734351,0.697769545524561,0.69543562408786,0.600391421182263,0.695759388644646,0.906554787442121,1.27238567179621,0.930460584490501,1.25624819446953,2.06711900815476,20433.930328141,18342.7580324898,20371.6097392822,25146.3962739617,0.140167495218486,0.112188535241256,0.140042825933914,0.154753069947543,0.176731071014573,0.140784613795365,0.175923941719775,0.195459731745796,0.566484234093579,0.524796910910815,0.567852985023716,0.649948650191332,0.294543236485409,0.224755674824447,0.296859373547826,0.422708466695805,NA,NA
"32","HND",0.891934666961446,0.83718012191665,0.888394204565909,0.999755981003014,2.23303525778136,1.64496958772003,2.02394955973968,8.67363161053321,3.82273587801152,2.33315861223566,3.39724765978008,9.19594251127151,150702.56986308,6143.35874266284,8924.01917679915,6993928.75583706,0.0258217306310431,3.42532398090338e-05,0.0264128866191865,0.0382166464589863,0.0489691793169668,6.47045470515417e-05,0.049924625819936,0.0734413282364319,0.855685237755905,0.78215815967865,0.850319939815979,0.999807270812973,0.653703550029492,0.459971850927767,0.636162623083212,0.999530877167973,0.5354,0.4246
"33","HUN",0.431937943609872,0.424685804357102,0.431447698566835,0.440954008461015,0.30192418772902,0.292105954362107,0.300775025119158,0.314944650336061,0.376350381530897,0.364275355070605,0.375208090416832,0.392627096761299,5872.61441646449,5748.93947758249,5865.9858245502,6019.15558142365,0.228312617712062,0.22342647571399,0.228275600896644,0.23311003152998,0.257157808392248,0.252177315114721,0.257486667824274,0.260990954023408,0.371324817793289,0.365658631517796,0.370741112789786,0.380115466926958,0.0827464578052686,0.0803449991587275,0.0827438691992739,0.087033756283726,0.279,0.242
"34","IDN",0.525799293604008,0.515128445465005,0.525828987612182,0.54501841415132,0.461974418643471,0.442283149950692,0.461545879601417,0.499350240202428,0.661366736544467,0.624136534317804,0.656953454574738,0.717847533472917,885.854301859503,854.380127363856,885.365912717249,928.450639387018,0.18432355790442,0.175341684012227,0.184420096874602,0.190557255766637,0.210947188202682,0.201046050340622,0.210957411960031,0.216075648009059,0.469989118046822,0.458829205970539,0.468833924020867,0.490566674838408,0.159174632706879,0.147577171194698,0.159315954459074,0.17131704183755,0.32,0.27
"35","IND",0.441443992967748,0.432742847746236,0.441673209972301,0.45382476110825,0.314037305322416,0.301485967056159,0.314240660572971,0.33279310560486,0.375387600129089,0.359847195143714,0.374533099578752,0.397689779805215,769.474613514767,752.233333136053,771.007119383253,785.012242187814,0.219346790983054,0.212784450220668,0.218803421895472,0.225071946017799,0.253226384505411,0.245930471630893,0.253429786595097,0.257577904458156,0.370975794719364,0.361599475906957,0.370444495547787,0.382460783847403,0.0728451254819144,0.0704028455004307,0.0725904504943977,0.0776053488484034,0.317,0.267
"36","IRL",0.549689232240843,0.522891752562242,0.548540447370395,0.58992589388224,0.539221974057916,0.484631638877161,0.536824155194408,0.628879346482397,0.810248122880853,0.651453302619182,0.814853096939278,1.04876135957119,10773.5202940343,10095.3782673054,10709.9060184433,11940.3144573322,0.170846835506519,0.154569351505017,0.170649903516337,0.182022399226564,0.225193531854909,0.204390790601515,0.225937285482744,0.239801083185278,0.47548047303235,0.441744501084524,0.474968104921881,0.521370795090754,0.201453107808003,0.160427723617211,0.203522041922778,0.257314116280095,NA,NA
"37","ISR",0.684230896757055,0.640954458438561,0.684309875647234,0.720206892377872,0.863681376563625,0.735436001089308,0.862452192742095,0.981690075029336,1.51479977932793,1.09432866723647,1.5324028117415,1.88125369889343,18264.8057653076,16045.1509666893,18163.7699191352,20884.218875737,0.112636869869568,0.0990458533933604,0.112723262570184,0.128138039391292,0.147738971801512,0.12994188198974,0.148176528023173,0.167231220038197,0.628257919828383,0.575240812997126,0.626985014183473,0.669804687174573,0.346146540344507,0.254919857238429,0.346716594407334,0.410753895743802,0.355,0.269
"38","ITA",0.555275940213387,0.534933783836656,0.554016266092665,0.580548557670806,0.53672200731371,0.494409600172545,0.533404600568816,0.592253740559209,0.819569464408547,0.70752229268559,0.817648206387004,0.956288579002984,16653.4781440976,15799.8662173703,16602.1373027553,17848.4044738329,0.170445875867039,0.159755495378065,0.170481070041671,0.179172392072961,0.213496471250933,0.201219715774397,0.21343688079928,0.223296709010317,0.489741130319417,0.466811440581961,0.488497654551938,0.517579877591248,0.206052960163731,0.17788730028893,0.204791475124178,0.242845130849821,NA,NA
"39","JOR",0.856863801272956,0.780183028880588,0.847854915334316,0.977901822923998,1.76033788893499,1.22998456257697,1.5973705815166,3.53491916871706,3.70592147173996,2.01534002797838,3.27941022350429,7.76526576610929,14003.6773149896,6852.80295157578,9973.92008180959,68912.5363333606,0.0442734337094611,0.00680762716194598,0.0475990120698273,0.0686193255010756,0.065065284668128,0.0099775957289532,0.0693879589874439,0.0999366133159405,0.824074775571878,0.730110891877055,0.813618774669252,0.973137182498725,0.631188483906374,0.435696384837444,0.607628224782032,0.942954170571546,0.434,0.35
"40","JPN",0.472141488767409,0.454517215616713,0.472897117942079,0.496952696679832,0.376213714571704,0.34545387024068,0.37630249461828,0.419816091832357,0.615888655990934,0.531640169894598,0.60751619677505,0.728032877675312,22959.137254237,22021.6630688914,22944.4204212637,24348.611049129,0.21622237486846,0.204595468129762,0.215630126865201,0.223726643810497,0.238275232959182,0.226130161304982,0.23793810044268,0.247781692554966,0.426386932542758,0.406595559958653,0.426306263727617,0.45032605630632,0.168438738626503,0.145930334711461,0.166246218184184,0.195259408849129,NA,NA
"41","KEN",0.90342146601971,0.843736991645424,0.897045067139668,0.999772369512213,2.45682412208811,1.79062409777044,2.22271572844991,8.9202831332833,3.88862577988051,2.22209413119289,3.33842143970336,9.19141596120132,124534.133651319,4509.62838601868,7095.70484713821,5798262.67281948,0.0198301549101349,2.55303364750242e-05,0.0209607102911618,0.032773360308044,0.043449804148896,5.59882234868013e-05,0.0460998088709406,0.0714892253741988,0.866321252720282,0.783957522647367,0.858409277834229,0.999823545013152,0.661483287405867,0.456505817327003,0.636044403417366,0.999532126506915,0.503,0.4065
"42","KGZ",0.893794578030117,0.822924635403404,0.889294485508078,0.999758042935106,2.26441111093835,1.57333905047252,2.03982532445765,8.70333639988558,3.84289064217961,2.01543404861025,3.36696216421742,9.19211207676806,213612.470882459,7906.16516084926,12703.0757554455,9908912.48825797,0.0249243764307939,3.30498094032698e-05,0.0257226944352528,0.0407690805513715,0.0480884676229357,6.33568496729176e-05,0.0498940161780632,0.0798553652693198,0.857536006291532,0.761121373469539,0.85126931536754,0.999809914838485,0.655453483189712,0.410568038779081,0.644706884039882,0.999526186559068,NA,NA
"43","KHM",0.753477649866978,0.72032760893359,0.752981099876131,0.783477408407409,1.0978978734977,0.970219767271859,1.09390576030469,1.22634071820175,1.8723696453443,1.52924719474549,1.88433692527138,2.13245124931536,2120.85757891313,1864.03657937765,2111.90616950415,2441.94284077117,0.0834516707194747,0.0722658649560433,0.0836048982675529,0.0948779059706321,0.107333290089038,0.0931118276542717,0.107642390495072,0.121545487033266,0.710304013242793,0.669768594763977,0.709853769824011,0.74515280162764,0.418186629238251,0.341835297939064,0.420307439841528,0.478475061581879,NA,NA
"44","KOR",0.558379276281004,0.54254461722708,0.55694103040555,0.575855965217042,0.542790475970746,0.509782651487868,0.538862946801154,0.58099121119453,0.813242662296783,0.736052901797398,0.806309572306136,0.905347067140458,17436.0038796444,16836.0282773782,17363.9532183449,18245.4502747036,0.168494364036185,0.160726282313239,0.168871938901201,0.174492345046212,0.211804884039699,0.203156273823969,0.21232856044216,0.219936857358261,0.492114192818373,0.472757957632984,0.490685407014822,0.510745902830238,0.20332574072416,0.18181363356834,0.202114602987445,0.231156689849332,NA,NA
"45","LAO",0.509660866852927,0.49142350059555,0.510279186504242,0.519871587774534,0.428897679032928,0.396376330002964,0.429910429697631,0.447458342286011,0.570858581925537,0.522902036590301,0.571639946523188,0.596235312935273,838.313806944627,794.039128736192,839.303291619627,864.353964010418,0.188920510651562,0.184155305551007,0.188637741150442,0.197861643279214,0.217866604815789,0.212254153923136,0.217528160346309,0.226830751450431,0.447934483404785,0.430659655857416,0.448164158740628,0.458933956804642,0.124625937009885,0.114713867933769,0.124465523799878,0.131333095101814,0.343,0.281
"46","LKA",0.452037026533689,0.440510621827975,0.452617076630751,0.458588328237403,0.329110154187632,0.311595956712803,0.330073537460963,0.339418947190091,0.376455804758465,0.360584744711845,0.376748100141276,0.388083586392631,1286.51832087071,1246.90995523082,1289.54904687361,1312.09441678531,0.208461255807196,0.204848507164669,0.20812924292462,0.2159434732659,0.24896398170869,0.244892072206882,0.248679946408375,0.25619607574152,0.36831496205147,0.361121682751934,0.368204722599712,0.373955019357202,0.0646878808989831,0.061371620941856,0.0643901203981496,0.068034886377512,0.354,0.29
"47","LTU",0.618405965228917,0.600479958098984,0.618387113632726,0.639119887867586,0.665224657371444,0.621376122103499,0.664965781599479,0.718624315668408,1.00621982301604,0.933567746651803,1.00503499284015,1.08406914813603,3075.62171284075,2894.7762152208,3076.91984004055,3305.64391235343,0.140226837942802,0.13150832693063,0.140325980571831,0.148470652859041,0.16980238646095,0.159860162796062,0.169599410882738,0.178533244620008,0.561864350480845,0.54314290363925,0.561440730362815,0.586474431999168,0.236042937326836,0.218649093700679,0.235807031756029,0.257300594761339,0.336,0.28
"48","LUX",0.436799038230736,0.429727911255543,0.436393905974764,0.448768411095619,0.315810271594311,0.30483547471098,0.315257415307203,0.334039183912635,0.402076294653138,0.38486188371857,0.402533771740748,0.428999122791487,26063.3713861714,25509.1061782792,26064.7735683803,26786.3544778115,0.22822353826451,0.222369111386189,0.228135184197366,0.233020489695101,0.263293096370818,0.257856754858513,0.263425153367937,0.268211671200116,0.375808544749544,0.368482529533723,0.375320238274506,0.388453305761648,0.098644998565951,0.0943028603606009,0.0990003750995523,0.107370811330294,NA,NA
"49","LVA",0.486243700634124,0.46998227968109,0.485516484591162,0.49943854533897,0.397325541871486,0.367957104723305,0.396669587687934,0.421562801178256,0.586842064897308,0.517203868938256,0.587031134024196,0.636188328436682,3729.79013808503,3601.31396988459,3722.76311613892,3857.12941079627,0.206239462600763,0.200038647767025,0.206375130348708,0.212847748588054,0.237642903324746,0.231019217485472,0.237904350284694,0.245138852222189,0.430546996891692,0.411637266687558,0.429461983110023,0.445973646242314,0.155598969803729,0.135059605157627,0.156286633050573,0.17412674928783,0.29,0.236
"50","MAR",0.741153504268602,0.719763043172116,0.739754670451703,0.761963079674388,1.05666983659015,0.977733521986269,1.05014628725729,1.14064372767961,1.68484281594608,1.49826391900579,1.68546504624155,1.88190646141003,5434.7019798008,5031.14283361345,5362.5015018148,5997.85762670052,0.0862437825945537,0.0780876242095868,0.0872148571877181,0.0932261802838889,0.11569980461007,0.105214277108629,0.116803919650288,0.125742910268727,0.691221672685911,0.664112115152194,0.690252889045698,0.717002617964958,0.378499534282269,0.33371554417327,0.378216397087969,0.430319039307128,NA,NA
"51","MDG",0.865862916209746,0.789811992340762,0.850187643775048,0.999743269345296,1.95731575762994,1.2990821599424,1.6357409477003,8.50062985517025,3.7596749159183,1.93647796084119,3.19136031498339,9.19325259363043,44247.6905533484,1480.38927721969,2106.45985148715,2065198.20487333,0.0390075131409958,4.48162354404402e-05,0.0433140520534828,0.0612200146049052,0.0613308629386441,7.07195760610816e-05,0.0681526223082234,0.0955143995281795,0.830936073277918,0.733121882771541,0.810674073217791,0.999802624077961,0.634422660842575,0.423417112064935,0.59106757347327,0.999552581555429,0.453,0.37
"52","MEX",0.893170001536535,0.836340191577169,0.889065502389027,0.999759879487794,2.27034408309876,1.66079797414231,2.0624731858728,8.73616532707177,3.76405924288819,2.29123407003615,3.2812278563498,9.19169275606575,365518.819505453,14164.2174909936,21371.0886060726,17003801.3738649,0.0244955772129008,3.15429774334079e-05,0.0249300577919721,0.0371766248319461,0.0483591113687525,6.28575981360287e-05,0.0498856424272541,0.0738917385002208,0.855776258776924,0.779214485427623,0.849682064848336,0.999811612583661,0.648458715387619,0.446228589735062,0.630097865077151,0.999521655702572,0.4995,0.3915
"53","MLI",0.883257279545011,0.82627335516734,0.87699426898947,0.999747563130924,2.12394908363893,1.53328388053126,1.88226741805914,8.58213061898244,3.79239925507583,2.30586787951988,3.32549829218793,9.19160543433265,28667.7689248658,1122.37515902278,1613.76301375051,1332370.79318164,0.0298769263458069,3.82421823510266e-05,0.031385822386447,0.0450143799290991,0.053065707840663,6.86004990650869e-05,0.0561060306463646,0.0795923415543032,0.846889175802703,0.772434288954539,0.838853919976261,0.999800178743236,0.644593877491142,0.467187459525694,0.626884216705674,0.99951793239324,0.504,0.404
"54","MRT",0.881454565088763,0.809954886294311,0.874519815005651,0.999739859079393,2.09273009384983,1.42280243732379,1.84202416223822,8.5061631057286,3.80666616521149,2.09706233570314,3.29711344619269,9.19225730601707,80500.3068162485,3102.54910935099,4699.92841878372,3726414.13350778,0.0312791505018715,4.22209256334627e-05,0.033194407835119,0.0507818270282394,0.053366150766129,7.14008908565634e-05,0.0564116345061438,0.0864823723072458,0.846405443295388,0.753377565014278,0.837929860052088,0.999792557081517,0.645250166377738,0.440463949323315,0.624125329209999,0.999512032297792,0.439,0.356
"55","MYS",0.873611520382114,0.793151703474413,0.863064722422642,0.999753850922209,2.04095659221003,1.33389457117979,1.74604284639255,8.58621892035831,3.80647432851105,1.96553179270571,3.26463088333248,9.19747189073049,316482.261073394,10254.4661225416,15714.2306283142,14758317.4098426,0.0349613964397062,4.06495432153884e-05,0.0377254438196837,0.0571927189115095,0.0581232853684842,6.69758622138113e-05,0.0628835381654606,0.0959914216315743,0.837722135793803,0.732856595744637,0.825610074685911,0.999813370935114,0.640925502660634,0.420977216335207,0.611018461484807,0.999578605392632,0.481,0.3745
"56","NER",0.848667435353175,0.764180931731737,0.845677990534916,0.974944204347388,1.68332516069584,1.15477659164168,1.57766224431985,3.39941502419028,3.58732450055914,1.89271086245982,3.31626284628167,7.74985157808224,2275.25144281254,1147.15949449627,1758.28464844079,10721.4599406739,0.048133221848374,0.00803819361783896,0.0493628670579854,0.0751588327502273,0.0682714452130108,0.011349184294461,0.0696625457959862,0.107091502026983,0.816355225978263,0.712977020550639,0.813768700670373,0.970079617090022,0.619628664451352,0.412012205904665,0.609592321861094,0.937005764897111,0.388,0.3095
"57","NGA",0.8612754859356,0.778560934147459,0.857185769963002,0.97828794621044,1.83224062541437,1.27211862723758,1.70739101029888,3.59481214080946,3.68627772055437,1.92663879960308,3.36311368626046,7.94982097931919,3257.63400216292,1542.91073927057,2406.45818886293,15835.1458898036,0.0408625216801004,0.00633888629514646,0.0422139168379754,0.0650637736351998,0.0658010403019654,0.0102221703771325,0.0675415841898395,0.106133880632938,0.824793235036409,0.718475274420678,0.81971504483615,0.972727872636798,0.628696328257881,0.410614927556782,0.622579096524848,0.942295306884718,0.45,0.314
"58","NIC",0.902668140130061,0.846734420255462,0.897017983459865,0.999772086603461,2.44719793217591,1.80718312601669,2.2212496764486,8.90778677866204,3.87215497493975,2.29880847782449,3.33428690642684,9.19151040135595,143444.582432344,5301.82309923896,8235.74608362698,6678069.24271588,0.020076798251304,2.60154805596149e-05,0.0208585154209393,0.0323851718058279,0.0438003581501528,5.6490955262743e-05,0.0461289752256257,0.07008351563865,0.865389228141675,0.788170631086141,0.857506320395496,0.999823900383882,0.659707414220446,0.471654093929514,0.638323854102943,0.999534906861294,0.574,0.442
"59","NLD",0.518268569695852,0.506572017313948,0.517579795387435,0.527992174139923,0.45466593083319,0.432430903337786,0.452989913375977,0.472385090726069,0.586205035965116,0.548621116272558,0.586169356338028,0.619398580864433,20852.4333196477,20229.7475389646,20855.0169660472,21399.421297278,0.184029901630874,0.179860121395356,0.184044856992123,0.189087157456145,0.226614552972828,0.221848678074391,0.226786827598172,0.231987195991344,0.446857625183044,0.433476795428045,0.446325733169282,0.458400347647851,0.131093341783969,0.12094873674485,0.131465559590808,0.141739510490514,NA,NA
"60","NOR",0.442355519404675,0.429652109256311,0.441584369740562,0.45616762833272,0.325921819237168,0.306428485849688,0.324532157061635,0.347778934951101,0.451649803508987,0.417209769190696,0.448476758214293,0.493231478112502,18873.6259081383,18253.5468561097,18832.576920083,19545.5254903728,0.228242022349739,0.22203667768062,0.228679582561131,0.234117058504097,0.258521187319168,0.252553025922563,0.258747961391644,0.266339017415764,0.388257588044428,0.375680406264889,0.387270932263515,0.404327024786939,0.121975171501888,0.111500834446598,0.121342587044316,0.135865976005012,NA,NA
"61","PAK",0.36564924791776,0.355860023203094,0.366118383517351,0.372745104402133,0.210444677740002,0.199529181875369,0.210894159210047,0.218890417731751,0.240414783586818,0.230496815461263,0.241114381372274,0.249732613322362,909.202132781831,885.714097533985,910.688698617029,927.584489712605,0.259123463550725,0.254821372725024,0.258857979896225,0.266130093043372,0.285880509686727,0.281610121285322,0.285949483142962,0.29128274649021,0.303287863178734,0.298896314086068,0.303006334907529,0.309198404540357,0.048789768904542,0.0466382698747906,0.0487448756653751,0.0519891582481642,NA,NA
"62","PAN",0.904098487954582,0.850895080342538,0.898888536441534,0.999776067421024,2.49557734534172,1.8726336304227,2.26233282027173,8.97468004314157,3.85012674808973,2.34669882724849,3.40742985701139,9.19147796697414,295435.292953705,11090.1279269064,16555.8155094565,13772863.9643063,0.0190595783143999,2.42676695141584e-05,0.0201300675781379,0.0302168106553059,0.0430094906751641,5.53431454538851e-05,0.0450638072560851,0.0671995083189275,0.866398103419332,0.791192301450916,0.858753969911341,0.999827792555805,0.657898120132055,0.471096733387354,0.645090019998934,0.999548833422994,0.58,0.4285
"63","PER",0.87892796554827,0.801112956360485,0.864823969038751,0.99976333832557,2.10541776379553,1.39591661897517,1.78217826261155,8.68201902510226,3.85975647311673,2.03212119636347,3.23386772257244,9.19363824636193,213333.481788144,6831.61391336134,10025.8345399605,9971770.52396465,0.0321352153236058,3.62987564568237e-05,0.0359291484313093,0.0535324459223196,0.0561940120166873,6.33744155462249e-05,0.0625277167746252,0.0930504474750045,0.842214611325646,0.74099889493124,0.824686063238532,0.999822141516217,0.64552063646253,0.42472502324293,0.607307896769759,0.999596066579159,NA,NA
"64","PHL",0.85553194045727,0.779829224778586,0.845454659078217,0.977592711441269,1.74938347434321,1.22797267694874,1.58205858753309,3.52070783870649,3.65472255125911,1.97061540290553,3.24432031917998,7.72602797080985,6661.70805282545,3290.87776848756,4721.86901821361,32661.2587435905,0.0445924915029784,0.00687743155475166,0.0481338392612357,0.0684342346235234,0.065502314733725,0.0100857486285226,0.0703304729738198,0.0996448579884501,0.822381505025932,0.729284446948678,0.811255277458082,0.972750544663942,0.626898292365449,0.432944426421896,0.604010694027495,0.941834418428784,0.4335,0.3415
"65","POL",0.53505390316182,0.515532824441962,0.535426043925699,0.554094057030981,0.508228558085761,0.470016266300417,0.510018229700074,0.547193521334999,0.6982236163871,0.600542255622089,0.700202627274796,0.791116396493734,3951.46382965166,3781.03565022816,3942.70263261839,4134.09860302189,0.176943184545644,0.168728332926843,0.17705552744209,0.184677461988022,0.232080991226351,0.222160754146513,0.232502477840623,0.242443479837478,0.459205835745824,0.436044900009696,0.46014725039896,0.480205058002669,0.174264938873058,0.145312716416351,0.175118626428843,0.199208569830809,0.267,0.21
"66","PRT",0.504178998562972,0.493916874412832,0.504638963274831,0.516796238939727,0.424011678074926,0.405463798091312,0.42477619811044,0.447356847343094,0.494616835966595,0.478502405645775,0.495356764996815,0.520569234119494,11305.4575071544,10909.2855824812,11302.6540789512,11675.8747249173,0.183947668502283,0.17747266679557,0.183835725665475,0.190500289886811,0.230042176220686,0.222481026245597,0.229972880695567,0.236634297872196,0.419201459790892,0.411539851724186,0.419516245999626,0.431339630095459,0.0878771558877466,0.0847728948088214,0.0878971523049903,0.0922437742131342,NA,NA
"67","PRY",0.904264270768019,0.849061505091074,0.903290598789349,0.999775213300165,2.49962200345703,1.87461633968872,2.31398671122278,8.96974313248174,3.84935824749877,2.26195889426845,3.4397854575043,9.19190728113955,388554.778604368,14530.8095083793,22523.8243587379,18107722.8243668,0.0189330372707066,2.43549246649769e-05,0.0192512315253698,0.0300904431012273,0.0428914922692158,5.56601488149083e-05,0.0433640035750471,0.0677599883314847,0.866484264159784,0.787934564998568,0.864619476481374,0.999826418739254,0.657668569838231,0.45830655098243,0.653506154700184,0.999542648278505,0.582,0.461
"68","ROU",0.464550872607402,0.453170996785873,0.464214763254433,0.47769293742716,0.360675277958759,0.342228867335959,0.360604382201547,0.382542068168949,0.468927987733043,0.440621205120556,0.469228848599717,0.511446677834782,1781.30007644229,1722.35535056998,1780.82781630388,1841.24325404341,0.213695035876748,0.208290606576076,0.213792238305181,0.220187079292689,0.252004093897423,0.245518960935915,0.252161984809821,0.257835871091809,0.400448960497519,0.388048617208933,0.399922881548221,0.417493081812088,0.114755357336377,0.108437223538966,0.114650562601782,0.126150087151483,0.2685,0.2145
"69","RUS",0.875355854322708,0.802332609632115,0.86736281972512,0.999752562537023,2.04906557577157,1.38228184975271,1.77778245978589,8.57879223963232,3.83696815809225,2.02315093817519,3.30093844545333,9.19725722240408,372635.496302847,12946.5836851302,19205.8171140514,17373489.5827679,0.0343157649783956,4.06501696674878e-05,0.0364922001257871,0.0540110244112492,0.0572364180264752,6.74459997742436e-05,0.0609070959361874,0.090589117219822,0.839779846791685,0.744452936034853,0.82956124313482,0.999810977308314,0.64410529002259,0.427323693622227,0.618654825216072,0.999573575120228,0.484,0.383
"70","SGP",0.855406194697769,0.771594227349087,0.850677284737768,0.977656855396763,1.75056265476758,1.19258070004833,1.6161596610192,3.52287584129968,3.66533364919225,1.9408295927523,3.33638734655134,7.75661169288423,52672.4130440847,25286.1364054297,38397.1716551637,257977.320263793,0.0447850266563642,0.00688973617427743,0.0466867080074274,0.0710783979373742,0.0656036465318274,0.0100885886916164,0.0681298460534489,0.104898395624408,0.82245253766601,0.718721870244427,0.817565798703643,0.972848202743967,0.627779070648049,0.421282667744522,0.614796008685374,0.942466026927682,NA,NA
"71","SLV",0.882392478724221,0.801110293005059,0.873067751886607,0.999759632792232,2.12246116758031,1.39128376243378,1.84475524145113,8.64953110700329,3.94655672266495,2.02267307011373,3.35583608310258,9.19352600830425,248678.270535273,8125.08434260161,12662.3022263173,11601028.2626674,0.0312821637265051,3.74495215150568e-05,0.0336179993552719,0.0535789582477729,0.0543605981489642,6.48116875631489e-05,0.0585462505371568,0.0927788615905561,0.847002936920591,0.74163200095921,0.834336306731113,0.999817604956726,0.655435113343072,0.422292527250857,0.623050005054407,0.999586474349313,0.5195,0.401
"72","SVK",0.327090992465011,0.317149140317444,0.326520990507345,0.338909851818067,0.179754621819929,0.167437940100149,0.179289395222751,0.194487409758987,0.245864289806551,0.219238673924694,0.247009635655757,0.280919928553773,6204.62679153069,6102.22775392713,6192.93357393046,6346.43978237494,0.293401672191505,0.286912522692858,0.293771714239595,0.298474618394668,0.306869639261968,0.301704126169961,0.307091786535698,0.311700896358662,0.295917824765091,0.285834138979543,0.295886625549249,0.306237786461925,0.08189790139744,0.0718938060415244,0.0822127346837413,0.0929384732529651,NA,NA
"73","SVN",0.573837030046017,0.551436073393635,0.570795571713803,0.599241744233804,0.567158713288467,0.516738905077772,0.560699661532849,0.627053137978392,0.977505149690474,0.825987716504349,0.961691445051873,1.15018427940654,12638.6546616576,11887.2404951748,12592.383394802,13557.5693545537,0.165673467535989,0.154996253270167,0.167049765124853,0.174936855856096,0.191673912380535,0.179992585168924,0.193230098467585,0.201618243974471,0.523538924704344,0.498515343216953,0.521251032225944,0.553137727946627,0.244742551299695,0.205750613279637,0.243892092454251,0.288177767388118,0.292,0.245
"74","SWE",0.413920538431691,0.404965458734791,0.413673124776212,0.428544510612188,0.292618804074737,0.278088933589058,0.29266132082962,0.314967351198915,0.387853083865093,0.352663512419881,0.386116490513119,0.433379690039074,14973.4824915336,14676.6177933547,14934.3174099472,15412.6977278665,0.242248734953031,0.235619921274505,0.24247137523787,0.248051833779282,0.283836781340999,0.276503184048132,0.284119305083771,0.288668982322738,0.354230241753452,0.344794113129501,0.354244347939745,0.369312274717779,0.109575893543479,0.0980486967420117,0.109000554153462,0.126647758904858,NA,NA
"75","SWZ",0.916587561667408,0.86646641921572,0.910765883969553,0.997168680852133,2.68807785854619,2.06416454326581,2.48054604845509,5.95751025304579,4.22364346800113,2.54277303017711,3.80249125306473,8.84926402491996,5732.34561316753,1923.19851294603,2992.28624304289,93943.0850832894,0.0150732120177601,0.000495085543340469,0.0159800490136688,0.0247713542675071,0.0368761316543879,0.00119042362475391,0.0391145587277001,0.0602981943305499,0.881510850346938,0.807430526905858,0.873193022045554,0.996173545172479,0.689531212477563,0.50029794600212,0.667696388499267,0.989596329454773,0.605,0.495
"76","THA",0.862657152213615,0.771598984842029,0.852320809041808,0.999737773660888,1.91795532365272,1.19458219427076,1.62925918826799,8.44187288582418,3.85820527396081,1.93101464269099,3.29274967284159,9.19741603640882,176672.169293049,5836.63602976856,8814.9912533007,8226592.9834189,0.0419439365438777,4.94702544536238e-05,0.0452455607079041,0.0693714853238453,0.0621004570762404,7.29518866772349e-05,0.0668286302913847,0.103135659046729,0.830466361383014,0.714506261882981,0.817542618765485,0.999799659928996,0.64175404874679,0.409930357006195,0.614009777342286,0.999572198206472,0.457,0.3675
"77","TUR",0.843866766312518,0.77438231537457,0.838081391848331,0.975415541764529,1.63711047701389,1.19720312458133,1.53192199912533,3.41838996431275,3.44036198440923,2.02318822332259,3.12328366453601,7.61351997371916,14148.3940371796,7916.39036751195,11416.9437150421,73278.5142877306,0.0497697237554007,0.00790443138317367,0.0510261772015922,0.072736328283918,0.070448665805693,0.0111266920537111,0.0728229897196662,0.102001115327661,0.810681786860493,0.725457038071768,0.803578015716414,0.970669527822689,0.608277360733102,0.434932650909753,0.591360314891697,0.938367422577702,0.413,0.32
"78","TWN",0.552600167161231,0.533720320266074,0.553246232293205,0.568402299377727,0.519990165416261,0.479848715689673,0.521219953098497,0.553684434206491,0.796847974416454,0.700293712834936,0.796371410526543,0.870180987506199,18842.8926604739,18094.3581627386,18763.9207604644,19615.1387266761,0.172980028917324,0.166473208967179,0.17301618900429,0.180300558768245,0.204687434965323,0.196509729232278,0.204652250284152,0.21289942958186,0.49528517913676,0.47327647243368,0.495324149466492,0.513705225720686,0.200013081979209,0.173059420156985,0.200402777023962,0.220987886010426,NA,NA
"79","TZA",0.511800976008805,0.503276374543302,0.511538270443012,0.520013580083578,0.437900249892985,0.422109753174565,0.43731493082251,0.454318788050039,0.504227538033541,0.489057901416174,0.50279445620237,0.52195799789055,1209.42984060164,1168.60876231674,1211.74947921569,1240.5613363317,0.178340845434122,0.174274189010145,0.178414130158251,0.184307683162677,0.225768574909186,0.220642874506565,0.226022837571541,0.231595860907273,0.422924534799755,0.415965963163495,0.423305145092401,0.431761063795739,0.0856107255205789,0.0830465064352718,0.0854492406857607,0.0892980436185118,0.353,0.271
"80","UGA",0.8492311085977,0.778302937966409,0.846604858133987,0.975017781958463,1.68989605996926,1.22154273140777,1.58783135604202,3.40676429972794,3.54324289322621,1.95416812374875,3.17421118202755,7.7250664802182,2826.92487243142,1522.83634062031,2192.15225528703,13272.3015856538,0.0474418526122319,0.00788457728806036,0.0486730106873255,0.0691814424824831,0.0684172588896201,0.0113540701546423,0.0699763496531731,0.0996892192340471,0.81601995186871,0.728277718136176,0.813435506424894,0.969853481561832,0.617283186108928,0.42500672264835,0.606497836815707,0.93650443200237,0.414,0.335
"81","UKR",0.642317519840508,0.632745524030562,0.642468847375432,0.654741269466272,0.740006145284979,0.714393680680446,0.740498511641117,0.776206799708507,0.962637107139783,0.918509545760795,0.963260060968029,1.01061212799866,5082.7436382485,4883.39445577975,5084.84121336634,5342.13913777635,0.121804753859404,0.116851152780871,0.121907496637158,0.126720416650801,0.163091339600282,0.156551455614575,0.163660262613563,0.169040176541963,0.570153543521498,0.559631399116955,0.57003071361989,0.586650684034956,0.194503084786287,0.181396146471234,0.194830090584498,0.205710667696214,0.326333333333333,0.255
"82","URY",0.709194110812688,0.689392937968366,0.708133036356968,0.730793093887951,0.950441086577043,0.883593297025427,0.94621799593455,1.02674098920967,1.3687296269826,1.26986429078567,1.37050204415575,1.4818395647016,10939.6871500216,10063.930740902,10918.8330085163,11969.2153275687,0.0963008843835572,0.0886090687523766,0.0962652071881808,0.104707286520627,0.132772901049268,0.122458930377634,0.132575718496276,0.143643655354039,0.649125148149371,0.625941425176599,0.64720075010702,0.677595785490562,0.302761681228915,0.276940350554843,0.303233791931157,0.325695088560048,NA,NA
"83","USA",0.634831238065579,0.619045023297054,0.634449636836419,0.656891249669837,0.752696287530652,0.71046552415981,0.748735102546125,0.812882038872897,1.01693631153794,0.934172920091391,1.01920882572567,1.12258440010999,33282.2464812071,31654.8632056385,33186.8365207251,36118.0640640833,0.126900495879795,0.118664013024059,0.12713875787629,0.13302765417179,0.181713870508539,0.170234102872685,0.182279855165359,0.191024665860831,0.557359342607155,0.537273648553241,0.555329261525641,0.585783045656879,0.233323376538623,0.210274360654404,0.234182282076513,0.258521553927406,0.392,0.2865
"84","VEN",0.852130320578494,0.771222111028981,0.850115972838869,0.974530374116134,1.70904788842105,1.1867047369451,1.60812425995872,3.38545509433621,3.62975123150154,1.90397342808197,3.32986956036955,7.75957654119168,16782.7637610461,8567.22156850585,13042.1072197388,76286.8016455372,0.046539607158413,0.0080263147458922,0.0474706040819197,0.0719331826036388,0.0668067348353832,0.0114834727510774,0.0678179708439643,0.102987364969996,0.819768278368967,0.720056796184833,0.816979901676676,0.969357905885704,0.62455910186136,0.416208515197106,0.617678320520238,0.934533417198767,0.4515,0.3375
"85","VNM",0.634034135644265,0.614915124418498,0.634941516053783,0.655368829644044,0.703823915741113,0.654371339805101,0.705956521339389,0.762405291394853,0.994942933239931,0.925717240161116,0.996344144895254,1.08505640435813,1009.40516409408,938.623215564225,1009.54581853592,1091.36545654057,0.129691142419801,0.121656517374088,0.129155577655579,0.137957288497821,0.160339644730908,0.150011441880182,0.159814236777064,0.169936818298761,0.573718401530238,0.55197069579776,0.5743318469948,0.600594858953122,0.215768507000946,0.19720748663193,0.215390785272857,0.234564619084874,0.357,0.286
"86","ZAF",0.909715240138181,0.84780502347975,0.899099186126682,0.99129496715808,2.58295052737995,1.93776322963331,2.37687177629654,4.82424770502735,3.8980826552794,2.32650292473911,3.38481234071863,8.45072618075602,19358.0386625922,8232.35495649166,13115.4748604781,147146.26615695,0.0159717367494153,0.00156095365064643,0.0177669659058139,0.028487043372391,0.0397296218859577,0.00379555555600246,0.0438674248021607,0.0696794895864036,0.871361188578113,0.780295215880887,0.856551269361078,0.987675099057038,0.659362948642647,0.464629426654051,0.626087088971666,0.968324302358002,0.593,0.467
"87","ZMB",0.891380871340274,0.836659773325147,0.887198093389831,0.999753928097877,2.22270125889098,1.63366996076007,2.00527045652107,8.65646072262209,3.81645792734778,2.34299545818175,3.34820855619059,9.19660067843757,51147.0555078928,2062.9876722102,3020.78296061421,2372713.70484198,0.0261104883547475,3.48428250825791e-05,0.027055035005154,0.0395637922384848,0.0491423232170109,6.569989743462e-05,0.0507949518001849,0.074722487038443,0.855223552327015,0.781432241353668,0.848901328971653,0.999805408721257,0.652847696434729,0.48441379140578,0.637766392778674,0.999522010451969,0.5655,0.411
