"","contcod","Gini-MI","Gini-MI-0","Gini-MI-0.5","Gini-MI-1","MLD-MI","MLD-MI-0","MLD-MI-0.5","MLD-MI-1","TheilT-MI","TheilT-MI-0","TheilT-MI-0.5","TheilT-MI-1","Mean-MI","Mean-MI-0","Mean-MI-0.5","Mean-MI-1","Bottom 50%-MI","Bottom 50%-MI-0","Bottom 50%-MI-0.5","Bottom 50%-MI-1","Middle 40%-MI","Middle 40%-MI-0","Middle 40%-MI-0.5","Middle 40%-MI-1","Top 10%-MI","Top 10%-MI-0","Top 10%-MI-0.5","Top 10%-MI-1","Top 1%-MI","Top 1%-MI-0","Top 1%-MI-0.5","Top 1%-MI-1","gini_ref08","t10_ref08"
"1","ARG",0.461536332172627,0.448959225904368,0.461393478543557,0.470027216520805,0.406743010285342,0.3839313325312,0.40665735231643,0.422491443833063,0.386332703879153,0.356909083152719,0.388975047013654,0.413498860319425,6480.00918294128,6356.98166854111,6464.25540100884,6642.16873569143,0.191844033090322,0.187513302989648,0.192099255882824,0.198438283055684,0.293086495474484,0.286912730500803,0.293074594225994,0.30083305397789,0.336043926415758,0.324326960959456,0.336107163953255,0.344608709224302,0.0773117675654856,0.0685767474296789,0.0774072548774175,0.0866591222428088,0.4486,0.3214
"2","AUT",0.278830463973569,0.274109322117547,0.279256774761961,0.285240513852737,0.129439353384366,0.124459938165215,0.129689845084414,0.135499687280502,0.134093183433668,0.126721619626099,0.134549627916321,0.143077412255351,14839.1818873909,14717.7809554321,14835.5153835891,15058.9857672743,0.310066342374292,0.3062472520369,0.309884031483919,0.31324536836935,0.354223433703626,0.35104173834012,0.354153653143278,0.35671144068816,0.225100289448296,0.220249459218481,0.225195206111175,0.230471336882313,0.0405446707258099,0.0374421331887895,0.0403929997785134,0.0455325262119329,0.3048,0.2396
"3","AZE",0.338436595222071,0.329273245814951,0.338715833587238,0.348079645368417,0.189314523653666,0.177852149008244,0.189478164411549,0.202415250194126,0.217052971243876,0.195021365287219,0.216281752654462,0.246383319239231,2417.66429317144,2378.14258596427,2417.79699948243,2477.38709341847,0.275796909829408,0.271291985580786,0.275850197007775,0.281024752313702,0.324691011243432,0.320592718813724,0.324551756841725,0.32859473880695,0.273750668853223,0.26441558464318,0.273656118559497,0.28387227511182,0.0621244645068105,0.054073663756063,0.0618946165538632,0.0696011444886356,NA,NA
"4","BDI",0.334636912953476,0.323139813347918,0.334849787959189,0.345157670647373,0.182044827361479,0.168618474015785,0.182237274315311,0.19682590458671,0.225672513850355,0.200094896961884,0.225142441283599,0.268365447835227,348.609822259193,339.449060304534,348.455818355738,354.884945301349,0.2811274005452,0.276538705787274,0.281035184154055,0.287066278992049,0.31524169333575,0.310788762889332,0.314741028301233,0.321144136511262,0.282453393073362,0.27135993462677,0.282801544410801,0.294366140523368,0.0685547996553358,0.0602023385997221,0.0682113602940464,0.0817710363748068,0.334,0.28
"5","BEL",0.284945546736841,0.279598433456309,0.284644595694521,0.291989602924473,0.140094496503764,0.134828998094268,0.139621654673131,0.148557133570522,0.146510236656171,0.138268300664091,0.145834386552809,0.164632635556518,13072.9226720604,12912.2291989058,13079.2783510717,13282.157425696,0.30830335557393,0.304748835914098,0.308434337027697,0.311454403839841,0.354499887012464,0.351720064270271,0.354582747544277,0.358537604776329,0.231298049442759,0.225367707909191,0.230919464604203,0.237372916096028,0.045637412295472,0.0421651154489518,0.0456536935565961,0.0527967324781526,0.2852,0.228
"6","BFA",0.399542172763374,0.389685766667611,0.400292115080092,0.409661104319668,0.266589830319489,0.251605212115332,0.266969145901884,0.281557205716563,0.325529007873915,0.288362716204416,0.319394518806382,0.390495951960625,676.173178571043,660.160997255253,675.946764963859,692.868726779888,0.240629343255177,0.235711246364001,0.240242536644855,0.245074745531724,0.297902600823848,0.292031390334109,0.29809551763447,0.30351090876835,0.322000242163467,0.310530347894356,0.321456775657058,0.335097771777155,0.086262706507814,0.0739613961788131,0.0861893293394639,0.100374399984504,0.398,0.32
"7","BGD",0.322199727840111,0.314118594365838,0.321821273088457,0.331518485212627,0.168795126335207,0.159116476343693,0.168235923708106,0.180136626068823,0.202392454149427,0.184262135394834,0.200327288293451,0.228667246902675,621.280742039255,612.196589940723,620.876379148915,632.822726906977,0.287585717394247,0.283322127950792,0.287901621957376,0.291952101388379,0.323306178145122,0.319092264819104,0.32358298423205,0.327628544894832,0.269973059430501,0.262865021343709,0.269970763024794,0.279847046748124,0.0620183403223001,0.0550859486609072,0.0617870762743346,0.0694476405388328,0.321,0.269
"8","BGR",0.282925439566061,0.276753503935313,0.283253093904776,0.28823407034183,0.139156794176728,0.133322703234595,0.13928101235277,0.145098983147076,0.136411454587163,0.12784025715073,0.13630488086791,0.1417042422946,3285.24344464417,3242.36355957639,3285.44225533097,3334.77318804045,0.30635322987648,0.303208080239093,0.306033892408674,0.310432199155906,0.360616708301684,0.357768982531966,0.36067797961305,0.364416900278247,0.221681643944799,0.214998462760573,0.22184810790442,0.225451835744209,0.0387920368728441,0.0351428710898622,0.0386696072501965,0.0409044023679285,0.3498,0.2652
"9","BOL",0.562177318882531,0.547749322950009,0.561682324441714,0.592107649578717,0.661421459111769,0.626047859921534,0.65981828792301,0.732842839915449,0.67858649178175,0.601728861581269,0.665619515197776,1.06803531351617,2574.24804868472,2480.71681074591,2566.79533276513,2787.47920863158,0.140946299792618,0.130802465532236,0.141000417218865,0.148184460655063,0.24446578298297,0.22729392352393,0.244515820984991,0.253897168897981,0.433089583253625,0.417350760691239,0.431700372254887,0.470015984821477,0.143172476413877,0.122159129033995,0.141074409556464,0.20225377588975,0.528,0.402
"10","BRA",0.55103829493515,0.525561326014701,0.550453784319156,0.576375880159974,0.583451950189283,0.530409204124773,0.584095531353064,0.640799582895974,0.655877787682136,0.548764698863989,0.644238773880311,0.83750885588538,4263.52685338617,4009.6248021065,4274.42676904248,4559.88228048171,0.150304449029339,0.141636285197619,0.150140170997482,0.160773731817918,0.240960557991204,0.226075678804142,0.241447488572026,0.256427248225901,0.431850643262329,0.401271731744606,0.43113665564406,0.463305632898725,0.141979805241944,0.114111585808251,0.139729452478197,0.183668787228146,0.5455,0.43
"11","CAF",0.561609313325264,0.53951031164888,0.559174705283078,0.599722479782184,0.570140465656782,0.522080228448997,0.565331358630475,0.655681104123682,0.753337328285882,0.609912363078941,0.719585010191017,1.18647631397467,616.812681561284,580.199651303069,613.312336173442,674.862881214103,0.151866136481492,0.139618077683617,0.152836889295787,0.160347942798359,0.225696962801022,0.204276933253458,0.227352819084813,0.236720172133561,0.45949019831058,0.432398531795191,0.455717366276761,0.508849433754856,0.170798780763133,0.135211009003926,0.166902121964799,0.238951584757439,0.562,0.462
"12","CAN",0.35068731419529,0.343285369215562,0.351037088228116,0.35799083264982,0.233714000108794,0.224146991310334,0.233373495442023,0.243613157841337,0.216228570209493,0.204863638746638,0.215557704993169,0.232267027968735,21827.1719314388,21544.0664074397,21801.5903472564,22251.4345231175,0.26171535276949,0.256251035473332,0.261324077795721,0.266579087155757,0.346939776113465,0.341333313339679,0.34677431234598,0.351270004593675,0.258012244213621,0.252536792126222,0.258238710003403,0.266544925413401,0.0517480899156285,0.0475494546337807,0.0516418351829984,0.0580512272451165,0.337,0.2585
"13","CHE",0.383739862379685,0.376585304834709,0.384151981866867,0.391382170132059,0.290551516788653,0.278487750173759,0.290818798270492,0.305600427746995,0.259877164282414,0.244941181774015,0.26026905298503,0.280506198374169,22092.6357888368,21716.9998685052,22105.7869153487,22446.0717324645,0.238935604418458,0.234782093037849,0.238653223032879,0.244574083320959,0.337677077862454,0.333862607477063,0.337469160545027,0.342143308983112,0.275331422598577,0.26943059334771,0.275694828277097,0.283282830572574,0.0571389485670591,0.0486227369818117,0.0569236271544278,0.064295847996024,0.335,0.26
"14","CHL",0.523271369581072,0.503237359032234,0.522703420358487,0.559637068624261,0.477172848242417,0.437047798729557,0.476199233897649,0.554381300038366,0.649139298406004,0.523555434263695,0.625527587744198,1.02304733985013,5953.01670153767,5682.6804192445,5919.95412844895,6435.79279098282,0.173723557168329,0.160815127258541,0.173870807341908,0.181454948580911,0.240908438394472,0.221340588765884,0.241897927646819,0.2505388988892,0.429360830692434,0.40503511742535,0.427869903625327,0.473271459361973,0.152988879327843,0.120805314780614,0.150037419030205,0.219374156256782,0.486,0.3905
"15","CHN",0.482437017933941,0.473573691161913,0.481972156693796,0.492206354185333,0.459458508983841,0.440564180108256,0.45961443927552,0.478215369211353,0.407197529623478,0.388586272483904,0.405644872010826,0.429973470278335,2091.85644233584,2060.12360520207,2089.17771966348,2140.16098193695,0.174598915693331,0.169315035552099,0.174651629376543,0.179557250687077,0.285139447523041,0.277860553474037,0.285448216528535,0.290985026795286,0.341674439121983,0.332946202047311,0.341507972383475,0.35175889159139,0.070225602291533,0.0652274660837265,0.0698561174187924,0.0756139118698809,0.433,0.3225
"16","CIV",0.417154884847243,0.408136623768121,0.416757213821519,0.429778673723387,0.305034911569238,0.29093469072694,0.304196180694066,0.326238341505384,0.32933305230987,0.305804405428253,0.326400594156801,0.391793221495836,1053.19241113675,1025.39094875038,1051.06000685026,1089.99726351006,0.224559623556377,0.21909885898669,0.22425410239386,0.229154130644256,0.302729952677683,0.296751521572046,0.302422651935632,0.308145569784931,0.318834074308642,0.30930518326272,0.31859514400389,0.331791076367731,0.0776586733490241,0.0698053048290847,0.0780757645400603,0.0926421554264392,0.432,0.326
"17","COL",0.572168070987378,0.551157973079319,0.571556908972651,0.599986977049488,0.638500978429687,0.594499207353584,0.636858493954968,0.705183575626913,0.716850725947077,0.620053913846977,0.703563469730042,0.992484133662784,3012.91526278627,2907.30565162932,2997.62040900106,3204.60125228352,0.138870412210699,0.130506572981007,0.13889754975081,0.145644266998019,0.22962343616601,0.214909288729635,0.229962801814559,0.243280966663865,0.450868472224165,0.422947123260999,0.449257913778528,0.487668902891528,0.152461449068514,0.129308045023841,0.15017442424068,0.211974195629946,0.548666666666667,0.434666666666667
"18","CRI",0.489000833520541,0.475409216927852,0.488721107948753,0.499664844589089,0.420332181946247,0.394649162876205,0.419745697888197,0.440377365635936,0.480971256403577,0.438259883854353,0.476712262215618,0.544007795307501,4519.4368943919,4388.98627368715,4518.93809545874,4689.42758988554,0.184558592886126,0.179282673217526,0.18489295043203,0.191596553284368,0.264248440494427,0.258398537123001,0.2646238403882,0.270739448032846,0.381184761256177,0.368245404641218,0.380566851878864,0.393412295132574,0.107563011369234,0.0955634887632928,0.106528891363779,0.123963753123603,0.4924,0.3832
"19","CZE",0.253572204044557,0.244387042764151,0.253883627623472,0.260774147905259,0.110407622111228,0.102925375043757,0.110813305096036,0.117744856964144,0.11837754001379,0.108544194176819,0.11861389259704,0.133454705810952,6686.01800852654,6615.4753611981,6686.40428760845,6764.4921388901,0.330552490297096,0.326865278818638,0.330432887917787,0.335889251267614,0.360546528482392,0.357809508198387,0.360627574569283,0.364288667008504,0.217723342472261,0.211417851391834,0.217800890158954,0.224347365780125,0.0425367758932011,0.0384660122016246,0.0425119567888896,0.047995272196155,0.2636,0.225
"20","DEU",0.307912498077641,0.302195021224606,0.307674178852059,0.328821472959025,0.161114363637184,0.154045548056818,0.160612024808854,0.190312728252028,0.177901027265664,0.162722088046345,0.175595144726875,0.306543549431294,15321.1477678667,15117.494064484,15299.8809622174,15795.5398580779,0.294644051302271,0.285412490473025,0.294852147534446,0.297982543260141,0.342279362834981,0.332099943647249,0.342473910167891,0.345643489846971,0.249796009523734,0.243573412817978,0.249071301717391,0.271663690569718,0.0536462603389692,0.0477377429025334,0.053305671985163,0.0782127614600038,0.309,0.2464
"21","DNK",0.260024955725243,0.252644551566512,0.259657109098176,0.273637481802072,0.114367400197458,0.10768264538419,0.113853448054583,0.1322543584986,0.127710115679972,0.117247987565922,0.126282054311055,0.210221905605716,14067.2962569317,13913.6740150127,14038.1870885445,14365.5261603424,0.326730781817537,0.321283447024907,0.326758065586812,0.33146706620271,0.35478464274113,0.347666863113343,0.354666775124777,0.358092752581811,0.224221219682512,0.218416893702054,0.223904980539652,0.239851552620509,0.0453654990036476,0.0414408905242218,0.0451504843298166,0.0627625130203134,0.2624,0.2182
"22","DOM",0.493268488836204,0.476742066561287,0.492077477276031,0.52320368803349,0.425713504719371,0.397175255232398,0.422356454131344,0.48517586320226,0.521128371720701,0.450926386094627,0.507257927975681,0.808080264705886,3006.1156868321,2888.84476926453,3004.02980853661,3174.94544960332,0.18505699811,0.174119912243864,0.185193085235496,0.192142030169425,0.260288980523469,0.243322529195347,0.260987984192675,0.270283309443439,0.391251130135845,0.372103088845007,0.389746976847156,0.427330935943394,0.120506701367998,0.100092711853761,0.118354584499601,0.170644649199176,0.4904,0.3856
"23","ECU",0.506863117827205,0.493146700067257,0.506297221013202,0.530851576328717,0.467736664202503,0.4411161161398,0.466044651266655,0.519107577785281,0.530595628042387,0.473411502537556,0.518474536905732,0.729492286343198,3058.85566964298,2936.253603358,3056.69694529611,3222.65447267559,0.174221971100117,0.164707537544995,0.174158959318899,0.180429857127151,0.259848494853112,0.247787910800948,0.259535254775357,0.267104221566669,0.393938465147235,0.377954079087869,0.393539863587884,0.420272605116081,0.116918513700364,0.101317431387337,0.116121798430238,0.154599435530185,0.5046,0.3916
"24","EGY",0.309015307315105,0.298513825732549,0.30748306324923,0.363957292627592,0.160164192687744,0.147782036545133,0.157647598439289,0.241813659994597,0.206038565228137,0.17338230253922,0.192967751793646,0.647888827422378,1371.95773343591,1352.02558913932,1367.68685697565,1493.60176643392,0.299193193053805,0.27560245039525,0.299971231748251,0.304634440150118,0.328503877417734,0.302273030557805,0.329119551397259,0.333484721558231,0.266598605517577,0.256711100137082,0.264722408982297,0.325193402676461,0.0663588583903493,0.0570291827328115,0.0633487442312105,0.138584330704118,0.313,0.2715
"25","ESP",0.308474320683571,0.301457790693649,0.308574384082843,0.316559813853312,0.169600118621476,0.16156481611675,0.169721066915713,0.179227057866695,0.160993852198025,0.152000990379647,0.161112164969903,0.172847924009619,10728.8045564438,10603.5901390475,10734.6865197709,10885.8055433908,0.288093029229883,0.284268999020969,0.288082296962161,0.292206668681582,0.356251854662857,0.352125742644583,0.356008037442991,0.360916166650408,0.232142199561586,0.225881076517301,0.232650566288257,0.239655604181834,0.0406516192707685,0.0372838835332882,0.0405423922744626,0.0444690897797633,0.3438,0.2558
"26","EST",0.301889708424734,0.29620851292603,0.301674178563771,0.307751838706058,0.156086354709463,0.149973481732677,0.156150112447293,0.162564398643843,0.156651452370086,0.149173516748754,0.156920325801736,0.164820095980354,6150.67493278927,6093.45314286709,6146.73820255647,6249.06858148215,0.294221393164847,0.290594891224805,0.294269544591804,0.29786827076728,0.351421623064127,0.347808361178874,0.351461976982408,0.354762969188748,0.234890120399713,0.230355582247666,0.23475040401717,0.239514647859578,0.0427998655116938,0.0395084802034739,0.0428814798730821,0.0467504564931042,0.3204,0.2488
"27","FIN",0.277799356870381,0.268926834693845,0.277771080349714,0.292264561971798,0.129306019324889,0.121366840860788,0.128950026442935,0.147242268730707,0.1401304954003,0.12848908319132,0.13895529887789,0.203684455022285,12854.4878912939,12698.9941034687,12838.3433398646,13134.3330490343,0.313171163732596,0.306251419913631,0.313128908997901,0.318288221053983,0.351552995161131,0.344598181228314,0.351631688936281,0.356131395162178,0.230297048561755,0.223325724349201,0.230145546935141,0.244410817997969,0.0453841608617381,0.0412728516884513,0.0452783440748956,0.0596888587582258,0.2786,0.2286
"28","FRA",0.330703882584859,0.321775188604165,0.330463480045305,0.361623589427151,0.186257545281946,0.175594610077954,0.185545563040055,0.231792114357611,0.211990067896538,0.187881362045499,0.206266324559475,0.440651441209571,16273.0482202893,15972.042548773,16231.0512173993,17118.5280052826,0.28109721167286,0.268469082294483,0.28133995140125,0.286405396440058,0.332910880715235,0.316835668242727,0.333256566208479,0.338019320349406,0.266683814267279,0.258091719722956,0.265690905103696,0.301720159996574,0.0614486597626563,0.0532033804377415,0.0604785180610979,0.102318655159501,0.323,0.2592
"29","GBR",0.340640033847274,0.331541706255785,0.340493123572982,0.348302760667885,0.201403576490881,0.190302520768712,0.201237772979601,0.211532648684906,0.214852396485671,0.196925463397811,0.2143897609108,0.24974690918972,19726.0180980373,19394.8802895432,19727.266035328,20048.3472177037,0.272626134814067,0.26801994249559,0.272685411868938,0.277562566311902,0.334761114034076,0.330140938416504,0.334651092155431,0.339915837736162,0.266432761558518,0.257784606532587,0.265983679250676,0.275254876090001,0.0587567479384292,0.05261247830518,0.0581208960456982,0.0671530663500903,0.3462,0.2682
"30","GIN",0.395027703752105,0.388093954080794,0.394740620617222,0.403111518350446,0.261951776378614,0.252100191561433,0.261616229254807,0.273457104911718,0.284413296319936,0.2687723475878,0.282935675231272,0.300404949100412,682.689233475894,671.263837800243,682.3104119237,704.320308092628,0.237258795975185,0.232283411702501,0.237591411697765,0.24116916379677,0.306442537692945,0.302644527156394,0.306349586959398,0.310971396170184,0.303845638086257,0.296291609455966,0.303622189655102,0.310604763350936,0.0672817946173875,0.0599517106680901,0.0669118674859735,0.0734519800588209,0.394,0.301
"31","GRC",0.330373520051266,0.322252081334269,0.33061909910808,0.338412937603129,0.193768167352153,0.184248966275251,0.193779874987103,0.203570209150814,0.193107474825357,0.180336187036316,0.192769883788568,0.205316400537471,9666.95942257791,9510.57135850128,9672.12126198592,9810.96815277406,0.276664291328002,0.272435178913725,0.276318838150034,0.281858965514817,0.344727065802545,0.340577111428092,0.344803381973735,0.349835193431272,0.252419619983242,0.246701563211357,0.252552212999986,0.259080724999412,0.0506083163747703,0.0460403154050173,0.0504789366339805,0.0547801548896657,0.3408,0.2606
"32","HND",0.609924340512494,0.590006394298437,0.609831491182158,0.627280004937677,0.783343633878239,0.729139740667746,0.782337032497416,0.825295362407841,0.778338478010359,0.688274671121242,0.776221111307267,0.904979769249195,2504.51057856053,2400.02002364657,2495.4176707079,2671.89169829946,0.113074717620077,0.107836309434656,0.113074054038131,0.121196942119019,0.211477753903863,0.201163910529435,0.211681448152788,0.223932237163543,0.473475259747893,0.449739449501793,0.473483324578909,0.498236862344953,0.150813617904042,0.126547710275996,0.150008458864204,0.182731549910856,0.5464,0.4174
"33","HUN",0.274951054129608,0.268290628582282,0.274904232075998,0.280349553135689,0.129754001258132,0.124041867355068,0.129456722509178,0.135308838258739,0.131191548510768,0.124616332219352,0.130828533680342,0.137350275099442,4849.56736579169,4811.78364138722,4848.26695987923,4899.85999287749,0.312991061711279,0.309762316641821,0.313173483600855,0.31701507769653,0.359653922478514,0.357264002791387,0.359607850325043,0.363389517138852,0.221190324650056,0.215439077968383,0.221202940281942,0.224931043607113,0.0400633028615459,0.0374224438642812,0.0401127891200374,0.0432516034408104,0.2802,0.2234
"34","IDN",0.373129342378846,0.361132792376483,0.372870938646772,0.384264864258459,0.228926832391339,0.213332936226381,0.227762942923746,0.244877278683879,0.291962849944438,0.252746525087456,0.287229599849817,0.343337275362678,1306.1476911615,1282.64051844913,1304.54012439054,1334.30002454795,0.258666295610687,0.253347541140313,0.258537445082095,0.264199829412109,0.302174807806102,0.295539010381512,0.302567409755291,0.308744830126534,0.310241107779539,0.297349308882976,0.30972821892391,0.324425945262637,0.0832278157252543,0.0699071813425608,0.0817119504494516,0.0974767729806208,0.353,0.2866
"35","IND",0.338191865979235,0.325958684216657,0.336463185190426,0.40540608544677,0.188298672856674,0.17253966933479,0.185358849446535,0.293906021596347,0.251007402932097,0.20847202605265,0.23937820096935,0.825141860329324,744.529686855102,730.487187524829,742.308122556372,828.344414187595,0.281017472455496,0.252443238065618,0.28173444434304,0.286824719907241,0.312603458754243,0.281197590757725,0.313435271547948,0.318320084684541,0.289314181027151,0.277844811835151,0.287819420937595,0.361024584225127,0.0759192251239323,0.0631535220227229,0.0746651222888107,0.166494493684789,0.354,0.3
"36","IRL",0.303290647011064,0.296621585757728,0.303066750427759,0.310265777083918,0.152243847209779,0.145054969677778,0.151926141725301,0.159525473403117,0.160876592873001,0.151798589585274,0.160307371575495,0.171616961158728,13788.8832574735,13624.711829341,13771.3306797407,14041.2369705436,0.294555537425151,0.290270161065439,0.294527079145365,0.298948314842919,0.343828709172919,0.340004928744364,0.343959292654735,0.347014953270254,0.241563395216617,0.235828247003349,0.241358764516403,0.248234747066304,0.0458918042071556,0.0426344110279723,0.0457346330410516,0.050211149314085,0.321,0.252
"37","ISR",0.415658349847182,0.406180480846613,0.41573305429394,0.423291614505164,0.329324549035142,0.318330179638105,0.329207541373439,0.340887767935308,0.297106315973098,0.278877153376786,0.296479462099083,0.312993426850781,9124.52220758393,9009.266939604,9124.83943702113,9267.00625206493,0.216586604094905,0.212547410638126,0.216370115268745,0.222258927523302,0.31825557459091,0.311853508220544,0.318274456804143,0.323830791978836,0.294426582447502,0.286182274061309,0.294374883351409,0.302826002489383,0.0571708616203192,0.0513181607132071,0.0570486470772378,0.0624229767170993,0.418,0.303
"38","ITA",0.318027259107943,0.311194872294917,0.318403461426881,0.323993573058513,0.177816235723148,0.169607031340268,0.178340582735306,0.184815154307,0.174254394387921,0.162390438885757,0.174875967023856,0.185075288996134,11989.7754117156,11837.5976609893,11993.3093525863,12163.3392074557,0.283227061602791,0.279613749633039,0.283010077725923,0.28750217742324,0.349451240516454,0.346094747241645,0.34954884345463,0.353956439586413,0.241980134237574,0.234395312598902,0.242556140082414,0.248497486971861,0.045015427843689,0.0398038982040546,0.0453401267428378,0.0494406109885068,0.3378,0.2552
"39","JOR",0.339861226878656,0.33317917098283,0.339267316439617,0.347098667863796,0.188361895532299,0.180001773110891,0.1876921518727,0.197104201443795,0.215433487718776,0.198929282567051,0.214542091925141,0.236093915039461,2399.35783390944,2361.79398704439,2396.99130435886,2432.73266228842,0.274058957702754,0.270350133018436,0.273999154456354,0.277844731835279,0.322005729274483,0.317754690751816,0.32226043667987,0.325487857897717,0.274300380700198,0.267093215939154,0.273986608724892,0.281919913470699,0.0601707222163098,0.0534470911066368,0.0600979289431091,0.0679378602343265,0.334,0.272
"40","JPN",0.322016835200963,0.314800496840656,0.321804666835301,0.332275877192163,0.184726450747597,0.177027325517396,0.184395729636384,0.197232440953512,0.185019203942375,0.174814745462224,0.183882874197351,0.201228523207385,11907.9515499835,11737.5481295434,11897.4396214136,12124.8157664533,0.282808924884668,0.277600101370734,0.282951968671177,0.287311933667878,0.347856782785779,0.34346810353242,0.34805003090779,0.351921756029402,0.248521847801137,0.242286883496752,0.248355118238868,0.257695946239627,0.0503077947441613,0.0443628827751405,0.0498591929519111,0.0569740000377812,0.321,0.247
"41","KEN",0.29968367677074,0.293215976175314,0.29920103558487,0.308382346670093,0.151368140202174,0.144654481272487,0.151054180559714,0.160938118091103,0.149719212580621,0.141466441149093,0.149348530402438,0.159971944056467,344.13932871685,339.909097102402,344.159059100687,348.675196231921,0.293686527272334,0.288586459958302,0.294043077130036,0.29790644655361,0.352282069380803,0.348632278512396,0.352197899567537,0.355644521202555,0.230075155914808,0.225260388966708,0.229997371490943,0.236067718883045,0.038648079228421,0.0358626778271085,0.0386869891235167,0.041077218814213,NA,NA
"42","KGZ",0.373637283129453,0.365639703304493,0.37331096013755,0.381326000891367,0.240025006596508,0.228987688244713,0.240455296994555,0.250241270323755,0.248461872390294,0.233558679014488,0.248042941856427,0.265680018071527,1609.84307150688,1585.55489774494,1610.4494706396,1646.96843215506,0.249051529675293,0.245126297772162,0.249042859112147,0.254078349976577,0.321858394708972,0.317325492780471,0.321822072900289,0.325933787083393,0.283342492250833,0.276842181453042,0.283475870846413,0.290221086683223,0.0592266331150574,0.0545404869228014,0.059012800806217,0.0659514466724989,0.3256,0.2608
"43","KHM",0.379276470999943,0.366258464767596,0.378862450237172,0.392542879620111,0.236652490837754,0.218518892595399,0.236343917724533,0.253736363293539,0.299541399933235,0.258260718920067,0.297083361231805,0.36406398864622,939.487469593428,913.725332847637,939.239924527766,971.01887782572,0.254509754739461,0.247489974057824,0.254539394076583,0.260470831971277,0.300517165651897,0.293628716914031,0.300753559635029,0.307507457134462,0.313391911205717,0.297996525603313,0.313773445353838,0.325126033196375,0.0839845995866694,0.0700875174588679,0.0836922389990555,0.09776168595258,NA,NA
"44","KOR",0.352823846807562,0.343235272750573,0.352830699938915,0.36331980260358,0.23082891533064,0.219097790495494,0.230797148631414,0.245231575429236,0.220441886263094,0.20665759742422,0.219632707947962,0.24245665481665,12416.9672432848,12263.3265334351,12430.7482466232,12623.9817455086,0.261104294561808,0.255871560547187,0.261077281882601,0.266649167322773,0.342386964481748,0.337245128335212,0.342194996921619,0.347119762292411,0.262194889988017,0.254683995802272,0.262230181734184,0.271992608132395,0.0536374981542651,0.0495010752597199,0.0536134778834967,0.0592114581220695,0.32,0.242333333333333
"45","LAO",0.368164494281843,0.357960801703327,0.369185227103511,0.378454121948102,0.223980393559056,0.210747004785861,0.225331610363679,0.23651193404168,0.277551207338271,0.248843167105361,0.278096959861134,0.314481006403358,756.580270089577,741.609228649936,757.8094050609,777.136593871604,0.260662237335299,0.255163429185188,0.26030599119036,0.265527744027461,0.307557242758768,0.301847295827275,0.307623213682756,0.312948582860469,0.302997096143928,0.291987755880988,0.303528531225734,0.312696375453977,0.0788772191508081,0.0696258115410761,0.0786268158342783,0.0891515813498603,0.354,0.293
"46","LKA",0.403797338101982,0.389268780525622,0.403782335701275,0.41934597517281,0.268653818645004,0.247661341737427,0.269150303213826,0.292743280787668,0.338635921984876,0.293852417438504,0.334455898211819,0.431959309727586,1433.3812482335,1389.06037391839,1434.59802034448,1481.27098442662,0.239131807448634,0.232633210044647,0.239042577618699,0.246101416453115,0.290938220684557,0.283528945462342,0.291103914445881,0.298027724761793,0.329759897875861,0.313509364797366,0.330235608799619,0.347724838327204,0.0899911518438612,0.0766680160328105,0.0891764390516143,0.109643000384794,0.3835,0.3135
"47","LTU",0.334938945462574,0.323070114080943,0.33512055658107,0.343737640190829,0.196914588548458,0.183013633202026,0.196920414237003,0.208930901981855,0.205138446955865,0.183178304286727,0.204406314806787,0.2273947299926,5587.17743793367,5494.57959393494,5588.72143516552,5693.48262187638,0.275849499079252,0.271419881348022,0.275883349657122,0.282107186082691,0.339227849431715,0.335390617464542,0.339000525197326,0.34579793715821,0.260924478129316,0.249385790070437,0.261039187356576,0.269473783841334,0.0560081269879828,0.0482821095102943,0.0557393691105934,0.0639900903889832,0.3514,0.267
"48","LUX",0.294327510430615,0.287376263642538,0.294463866427305,0.301542755739251,0.146132342954068,0.139200681495056,0.145998062065354,0.153891291709281,0.156281922900091,0.146032525327644,0.155347436856317,0.170064486939644,21614.7822612868,21236.9872275963,21593.163000078,21931.7111860656,0.302115888970848,0.297998079465235,0.302001098499524,0.306278928571275,0.347755002237187,0.343709808887156,0.347675146381245,0.351066137233262,0.238784767062635,0.231922288754896,0.238712528624134,0.244894336164429,0.0478434876157588,0.0434070279605377,0.0476489197245296,0.0528795307473298,0.3126,0.2456
"49","LVA",0.363718495064046,0.351057983800261,0.363815927811888,0.371026862474648,0.233586284179998,0.217398317006724,0.233274830721582,0.243175677972593,0.237516057956447,0.21448731736231,0.235933869435562,0.255369473502028,5687.11558978186,5577.2768390903,5691.52093782841,5770.83885152997,0.255663330987116,0.251914919384306,0.255191458631516,0.262193843961921,0.329752324785363,0.325541072073679,0.329633581605127,0.336942469541911,0.275484632565425,0.263017369086259,0.275508639781587,0.282588758863272,0.0585763359069186,0.0516310071717589,0.0578339533673468,0.06471916836729,0.3624,0.2714
"50","MAR",0.411933838429279,0.398242707217097,0.409156188196141,0.531964590851308,0.288002362147543,0.266688786718307,0.282974535614424,0.513743328444532,0.381894137612453,0.316912580103836,0.352607626643084,1.65158410425587,1949.38034572485,1888.70713844354,1937.22557703223,2439.52583977649,0.235535439589667,0.186856218709842,0.236652809397589,0.242309796557556,0.292921660462954,0.233433716191091,0.294458763073558,0.299322406024052,0.335360660222662,0.322161883026258,0.332336602951286,0.469289938329127,0.0988198379156632,0.081645497043229,0.0949600187865199,0.276872944088798,0.407,0.331
"51","MDG",0.442960779677911,0.426959863320732,0.442692996350134,0.460169521250091,0.337191700835654,0.311756055076072,0.336192756470933,0.367554692164752,0.396418200519969,0.334881371157114,0.389426554549294,0.535794792132655,337.403426980195,327.061756192979,337.299220504731,347.062247427306,0.212554490492886,0.205548728892573,0.212613949470704,0.218720547749527,0.284545329980721,0.274250866236381,0.285076316612535,0.292748046688949,0.347725312551093,0.327166259120497,0.347494719156313,0.367551794727034,0.0954663186150995,0.0749879437516341,0.0940173632900297,0.123919982824393,0.424,0.343
"52","MEX",0.506065029655719,0.488672395668547,0.506121012718182,0.526183721224662,0.460175678871627,0.427832111846491,0.459128724131003,0.50093293702333,0.534918680945958,0.454278579878459,0.532211820379465,0.68174271428727,3721.59092335236,3609.46511065346,3709.95958401392,3873.40457347431,0.175667825359764,0.16809989238983,0.175689293918984,0.181744703749356,0.258150755180197,0.249593680041569,0.257933541346001,0.267264088680612,0.396001386912011,0.372629515202575,0.39585688797112,0.421269040218658,0.119799008453187,0.095599415500492,0.11946237436921,0.151798387207054,0.458666666666667,0.363333333333333
"53","MLI",0.391072167187453,0.380774835493168,0.391257335526012,0.398590373788787,0.255883060889296,0.241362086788501,0.256122627782551,0.266962008162603,0.28589383012781,0.264519978744572,0.285922877174678,0.306529333880937,590.825588120297,578.042292485064,590.475621029674,606.907915971219,0.241362597913029,0.236992301308575,0.241259156933302,0.247185467576703,0.306411131775192,0.302232902798212,0.306422652023843,0.311492029758163,0.305105356623712,0.296472506093073,0.305325188402536,0.312719449275277,0.0709247563660779,0.0634880684981235,0.0708402772789813,0.0792634529368282,0.3595,0.2795
"54","MRT",0.406667288359159,0.395725727998896,0.407389833623899,0.418203998283403,0.283898548561022,0.267545023621217,0.285075788873078,0.302269313470081,0.321184109927885,0.290809440231658,0.320439871447208,0.389109612563164,1015.40687474831,993.071659263594,1014.27864006568,1036.90222416819,0.23299714167489,0.228339504129199,0.233198435216484,0.238340695771597,0.303079546477117,0.297482146537849,0.303005031711871,0.307812501726121,0.317042524906839,0.306663641801572,0.31744196528318,0.330914559073,0.0801366108466636,0.070549291642187,0.079151014643806,0.0965397743240586,0.357,0.262
"55","MYS",0.463709071662554,0.455639284967427,0.463511361563106,0.472938774340447,0.384205049977561,0.370041060530798,0.384220654087347,0.401949542962145,0.395457514340808,0.376567357280647,0.393571696329532,0.436452087013813,4795.31007867808,4704.52845353394,4788.74751084925,4971.11960452183,0.193568226979298,0.189331781792383,0.193571566541106,0.198975154634319,0.282447327591338,0.27757668395009,0.282468982941698,0.287117607096682,0.347277896880099,0.340625097710436,0.346661231648958,0.3582023332929,0.0816547141999539,0.0754245191249109,0.0809144878222245,0.0923745937017932,0.458,0.3445
"56","NER",0.346827176385908,0.337580893191135,0.347088904357615,0.355309442013285,0.197649958933605,0.186152335290429,0.197527297983736,0.208295628137705,0.237709571421205,0.214191591903098,0.236578456642357,0.269335465485243,634.664002813001,622.046320828672,634.730105360049,645.075907198462,0.272442610708748,0.2679117068897,0.27249196290268,0.276533821261371,0.316840736650505,0.311786753007529,0.316531102276816,0.322043328574508,0.285292552556562,0.274643979139779,0.285864176913523,0.295182577407985,0.0691377596171856,0.0604685741798447,0.0688307547444523,0.0804403033987042,0.373,0.314
"57","NGA",0.489653991653128,0.477503945024566,0.488556246693543,0.508241652334294,0.421853125889258,0.398481824919661,0.41945925934316,0.458912659960199,0.490490356260076,0.437788953796808,0.479604133481721,0.628122522145111,480.744944729512,465.544538033287,479.613935068444,497.687592774561,0.184750153415463,0.177958202013109,0.184884583405333,0.19120415992523,0.263935939124727,0.254967587861407,0.264223618593591,0.27030424449679,0.382823437061494,0.368061255445043,0.38249184330976,0.406067046600119,0.110480182475337,0.0952554873294879,0.107733922883348,0.140356633783745,0.43,0.327
"58","NIC",0.484059801799861,0.467599846539604,0.484263051733459,0.497642036196199,0.448751017093516,0.419906954504787,0.448415291436797,0.475474957197467,0.46217153711926,0.402629980329238,0.457530116596029,0.563910601530528,1696.32555954687,1632.407097961,1700.7145439032,1743.90381694336,0.183803610594826,0.178071905568468,0.183570302112383,0.191937034640537,0.280308858947965,0.273795712352014,0.280455382764599,0.290126528682737,0.364929249301121,0.346161899405659,0.364932287257663,0.384302447575153,0.100874631770897,0.0827081873044086,0.100072515442815,0.126657978065924,0.439,0.342
"59","NLD",0.288914710316617,0.28206022947011,0.288769636950782,0.305085159395721,0.139622090120047,0.132528109737324,0.139544955706176,0.16119800496356,0.156244764234895,0.144314610796991,0.154045134548344,0.254484839076608,15620.8159483473,15402.2596830524,15618.0670898176,16022.1383146974,0.307111480643049,0.3006004023031,0.307098771927315,0.311816054603606,0.345549256588948,0.33691859445675,0.345694456646992,0.348738003423322,0.240185944444031,0.235429948104609,0.240095766929749,0.258838378337142,0.0501642378624275,0.0451414848352943,0.0495703747146146,0.0700009410524697,0.2892,0.2346
"60","NOR",0.263198639414841,0.256643451411552,0.263351645700849,0.274930177581892,0.115705703785718,0.109576546890837,0.115683680464857,0.129173601176946,0.125238211490034,0.115986876551233,0.124044576221345,0.173577160639053,18656.0790461927,18476.1994502858,18665.9785381767,18981.031514258,0.322733459591229,0.31730368179087,0.322676628119525,0.326808845109238,0.355563191454838,0.34948705782912,0.355652010024733,0.359128510912646,0.222076749248856,0.217369342921074,0.222178491177042,0.23383092192748,0.0426373856035246,0.0389315945858552,0.0427352878380586,0.0531774488613564,0.2648,0.2148
"61","PAK",0.301828483497931,0.292654726645574,0.30105554042625,0.341643464073318,0.149437280517293,0.139051304334031,0.148176740678328,0.204878704218109,0.187618130268838,0.164198721069258,0.181223735039822,0.449233103497014,791.471766443854,777.585548291435,790.215143401883,840.48137931944,0.302038899143486,0.284107220849493,0.30248724502986,0.306859937581978,0.328086809381306,0.309830544659649,0.328325591918337,0.332439527153896,0.260988372398269,0.253022892428685,0.260087678205147,0.30151832183898,0.0613932276725004,0.0529351561582087,0.0606487448601188,0.10782042352281,0.307,0.2645
"62","PAN",0.523056247797404,0.505075159686313,0.522515709027566,0.553592360782821,0.507131389258197,0.471108454235666,0.505921586115682,0.573849540721589,0.572343014419722,0.492049742965995,0.561623592856541,0.837652872334753,3230.70517776415,3054.84846313692,3220.66741056379,3424.84597380017,0.165042141649269,0.153575646108293,0.164741246588293,0.172499013572356,0.253025459809345,0.23694700891703,0.253179566851011,0.262636543795056,0.40693524434802,0.385319229552848,0.405331105385324,0.442909265244038,0.124602403597782,0.103830925372347,0.123331530468027,0.173307916851863,0.5268,0.4026
"63","PER",0.490064417794172,0.481505646781199,0.489333399797031,0.503913653822231,0.449925975393336,0.433040585504079,0.447223659397616,0.477290243001498,0.458241631647292,0.429264998909567,0.455157692503653,0.505764954050966,3001.97921672066,2944.43315156973,2996.5913414049,3097.38627717634,0.178849252236605,0.172196189439828,0.179066862029324,0.183747027847217,0.273986560927727,0.267049058520123,0.273941865389838,0.278638561901651,0.367966373651529,0.359002429995086,0.36732398975068,0.3816336322139,0.0954461656600596,0.0855811557293285,0.0949593990348823,0.109924350979163,0.4806,0.3616
"64","PHL",0.432736532252045,0.422208292221722,0.432445433607431,0.442761318876755,0.315151410690543,0.298642117819324,0.314759255714013,0.330592996088716,0.363259432407802,0.335909513774732,0.359058903657684,0.399084581422039,1246.18384320446,1215.9981475735,1244.22023847427,1290.95236284959,0.217517848214061,0.212469388866894,0.21761504654765,0.223321479286517,0.286115333492429,0.280746524779068,0.285955166505736,0.290988795532706,0.339138133316996,0.328676070934783,0.337736974121448,0.349249288845419,0.0863480674856075,0.077668589799555,0.085622023507079,0.100180966460189,0.4235,0.3295
"65","POL",0.33038770786899,0.32274421028162,0.331228250747814,0.337831282747885,0.188138008137934,0.178872392261726,0.188453122786313,0.197887017497323,0.194552466781429,0.180661842746415,0.194159846578898,0.213748491069326,4618.05798033841,4529.57607152171,4615.14883731431,4728.39744687638,0.277275560195173,0.273012655621856,0.276952077313214,0.281324430440384,0.339811139775857,0.335719796728606,0.339582646955454,0.343779940448547,0.25590571109562,0.24858077091599,0.256330138968797,0.261730577826105,0.0519039066858859,0.0473885476712953,0.0521105689758297,0.0573128535987642,0.3354,0.2648
"66","PRT",0.363548331394491,0.353032829676663,0.36398679548889,0.373641437095364,0.224598037754917,0.211360177935306,0.225416025740061,0.238405973336923,0.247931505741167,0.224335207289503,0.248709701053064,0.284881062118115,8169.4487089022,7997.39243203062,8165.27221015317,8349.21645172591,0.258775103397884,0.254482679716229,0.258727702440519,0.264083148306943,0.321360537573416,0.31665542045848,0.321302046407732,0.327191067893303,0.285067571835513,0.274248300318096,0.285247773719114,0.29712242222846,0.0656753849602586,0.0581996481419551,0.0653090487146921,0.0760996234895005,0.3642,0.2858
"67","PRY",0.519759454987933,0.505156582956278,0.518718450724995,0.549258004436906,0.493936374437013,0.465450858631025,0.490617739723058,0.558334829481656,0.576044308095303,0.507564761352168,0.563353983143617,0.787762186027674,3217.72723592543,3085.54355010213,3216.10957186771,3442.42800150058,0.168560319140889,0.156885073099378,0.16889899520594,0.174421091537932,0.25282349809091,0.237743967169692,0.253413358291581,0.262985860484306,0.408204906014418,0.391495794080386,0.406115221053254,0.441219543456528,0.128189500124277,0.109104723034438,0.125414489316724,0.1739450955819,0.5136,0.4072
"68","ROU",0.374875623306637,0.366253220645845,0.374210728774952,0.383572146403808,0.265790187247938,0.252832963976338,0.265531852726814,0.277433085244071,0.243255301922646,0.229587019471591,0.242839965384918,0.259562716221794,2560.54607212891,2522.85532460419,2558.23311208516,2606.80828977213,0.244373187545938,0.239362867942212,0.244554052918669,0.250264226880504,0.33657059653465,0.329736387355515,0.336626159722305,0.340293256642108,0.27048733417563,0.262423292950704,0.270047789700923,0.280197771192051,0.0529501638107169,0.048766887799328,0.0526939671057422,0.0576424315363809,0.3692,0.2672
"69","RUS",0.424497751826963,0.412363273732005,0.4245642492571,0.437817081114471,0.301714952878188,0.283278784922989,0.301109623455656,0.322090996953266,0.356320967390136,0.311834891412537,0.354318737449096,0.417130106271925,5676.27314970065,5543.55179525423,5666.72984936109,5880.14482859695,0.22348950270835,0.217019808001394,0.223845214665479,0.227982249190874,0.288434013759117,0.281221360698594,0.288277534196447,0.296022050537682,0.335668420739293,0.319784979248914,0.336149709672246,0.348247815180044,0.0873519144149031,0.0709089182748525,0.0868163720061213,0.103093443370233,0.4084,0.3166
"70","SGP",0.443700840769423,0.438750566536308,0.443360640564844,0.449282959932445,0.388419379655274,0.379365130628251,0.387530120800545,0.398783421318673,0.332471828878039,0.322938566727631,0.331830314314894,0.342104223300526,15894.2412131995,15682.4960948587,15882.5553364139,16196.6575477672,0.195271849786989,0.190966686384434,0.195493511013399,0.198548721392432,0.307864234209696,0.302575115496066,0.308144788908608,0.313038621392352,0.30567572618483,0.298512655071352,0.305570983051398,0.310289449463664,0.0549949857391686,0.0515447569449456,0.054847970289709,0.0579184008310004,NA,NA
"71","SLV",0.467399902551929,0.458536726317156,0.466364241967593,0.479539194924965,0.384242251719356,0.369567231316901,0.382395942220421,0.406330462186541,0.418330519442976,0.396438536130923,0.415122323236827,0.457477676498778,2575.07497685588,2518.63493957105,2567.40991789025,2676.13162013494,0.194435257640248,0.188995687823229,0.194716654535531,0.199189377800169,0.277072800372928,0.271265465814098,0.277680706757564,0.281119781014523,0.357621807232449,0.348245110011069,0.35639549004569,0.369975180706442,0.0916625463404069,0.0827423312177936,0.0916788226018729,0.106261489546748,0.4542,0.3532
"72","SVK",0.248212820954786,0.24205839125528,0.248468922669897,0.253190732534944,0.111590510688502,0.106901185413457,0.111862646609879,0.117313143302309,0.108138129294636,0.101631043071904,0.10848095224052,0.115376637648249,4883.3926148814,4839.18817460785,4883.63836217348,4943.45201149911,0.331567249991639,0.328290700980419,0.331639496478833,0.335178806583351,0.37460366335909,0.371791979396711,0.374477512938347,0.378197765550365,0.204331392286559,0.199515962874531,0.204353995757853,0.208711991493361,0.0360717880630463,0.0335190828880589,0.0360038414543333,0.0391546148282828,0.262,0.2148
"73","SVN",0.231424739359066,0.227324113020105,0.231538129788065,0.23609545772132,0.089670202819553,0.0863243444327152,0.0896551483011394,0.0936552033815641,0.0910834084051836,0.0873434070049853,0.0910112264082241,0.0963313690300211,10334.5206030559,10228.167506673,10335.2004283931,10434.0763331005,0.341483220280076,0.338478150732618,0.341566896685209,0.344258279516778,0.369939792117561,0.368085700960796,0.369750221639798,0.372795718837492,0.197770577519712,0.194758698095186,0.197840503262647,0.200545670495953,0.0325562217688948,0.030899260969808,0.0325145315077845,0.0349461079223126,0.2444,0.2042
"74","SWE",0.255577852178621,0.250531795776449,0.255736375145482,0.260822693165298,0.110829990656402,0.106095494224186,0.11094411788208,0.115512882721328,0.112569891742292,0.105437143494577,0.112625220492648,0.119762695649579,13876.8510130114,13762.3001086381,13869.4857337199,14056.427012901,0.325601859533863,0.322380756358314,0.325722315105466,0.328141286387647,0.364374981375716,0.361760268636074,0.364292464777044,0.366826548426294,0.210574475209741,0.205790472143082,0.210389148240966,0.215275381337524,0.0367849226311239,0.0335219176337585,0.0366923472898587,0.040603574409869,0.2732,0.2164
"75","SWZ",0.517862478296796,0.508556518053224,0.51723702653344,0.53244890112332,0.481392460111826,0.461109641290059,0.478677349959342,0.511371899346456,0.544097945291346,0.507127748615281,0.537246340601179,0.618547790100011,959.796293206096,931.454602888452,956.690889844198,1008.97932617941,0.167622803163608,0.161618648710479,0.167675557521632,0.17291508244436,0.251070878015366,0.243424984560096,0.251256354050769,0.257900402274273,0.403541309383211,0.392595240518247,0.403166520031107,0.419292680437092,0.117256837342084,0.106977933145663,0.115853358752648,0.138309502424898,0.515,0.4
"76","THA",0.406847390366577,0.395974525733486,0.406198893244994,0.415521908403472,0.274723771836161,0.258982337475333,0.274394686069402,0.287834528217479,0.318071311690315,0.28607607149204,0.317019301603818,0.347103123620214,2530.6153334478,2467.51526938174,2527.87411261232,2585.37169896285,0.233286595821145,0.228674372007361,0.233537905428197,0.238606924067211,0.295747647419704,0.290156040411998,0.295580974549202,0.301544035759151,0.321296650593455,0.309024631485467,0.321118396634098,0.331345670528305,0.0788358244052883,0.0681046745916351,0.0791541515847482,0.0884828363791588,0.4018,0.3114
"77","TUR",0.3908099668078,0.380754480338558,0.390386908666474,0.39880716163884,0.274723888882457,0.261342407649887,0.274462766131027,0.28697518133246,0.27798156547056,0.25459025243757,0.276973209530355,0.295588666243806,3667.78888610726,3582.07515876976,3661.27710937863,3761.94699042831,0.238709951767157,0.233611777509198,0.238399236427851,0.244286927837983,0.320196338814232,0.31551766980725,0.320199279250904,0.326552320068864,0.293392054439855,0.281513135297673,0.293119531079264,0.301008777444947,0.0656723520349503,0.0573387533222825,0.0653763185715416,0.0706613456768363,0.3896,0.2914
"78","TWN",0.295357195740693,0.289819146764578,0.295561544196495,0.301706674449476,0.142139205498149,0.13708336545326,0.142290129023419,0.149363362979992,0.160603782691087,0.151304425807812,0.159587315743483,0.173971786454499,11392.9095722238,11252.9935300488,11388.9795574055,11548.0388021127,0.302328709846674,0.298613810495184,0.302402534597417,0.305824970291507,0.338713421259842,0.335868231236713,0.338574629389611,0.341963182239499,0.245560903312564,0.240446472258354,0.245732713032631,0.251851192610061,0.0504742870498705,0.0464093310381499,0.0503720473172707,0.0549731322102793,NA,NA
"79","TZA",0.37773740795872,0.368014910984516,0.377160349570505,0.388328085821562,0.240170804834123,0.226987170775856,0.23912225451575,0.25577851353299,0.271264938634848,0.241006111625953,0.26741147567933,0.325124666035514,442.235425874935,434.86578245105,442.130533641224,451.558964622137,0.250333891461412,0.245640824730437,0.250468034336988,0.255298095744236,0.313061659450665,0.307088127296411,0.313578414488396,0.31834977761503,0.296722845050365,0.283917277902857,0.296135354169142,0.308947040622121,0.0703440926225377,0.0586813828366931,0.0697795482695291,0.0833496485278316,0.403,0.319
"80","UGA",0.446813486917176,0.429550965775619,0.442702220619576,0.617904770732419,0.341977156190586,0.312120234920567,0.333633383994855,0.708667744789249,0.475575597533972,0.3792956280491,0.428953932811897,2.52987590134779,829.803027062519,797.609441174137,822.102864549325,1197.2161973495,0.216361691747782,0.148860547786809,0.217800255218062,0.224472028920195,0.27698013898011,0.191376769893359,0.279080651983868,0.285721969903277,0.364983462269457,0.347445381666446,0.360609046528987,0.55990337380372,0.117135369076961,0.0935944032138867,0.111003627833468,0.38409187359057,0.442,0.364
"81","UKR",0.276137970209348,0.270600406209946,0.276073579398063,0.282584859962863,0.124063519191927,0.119268750444259,0.123885988777898,0.129822549738543,0.130777664478613,0.123817356053743,0.13047486999907,0.138751708973943,3890.93072622764,3849.89467707158,3889.39099885296,3951.42194741975,0.311712551718338,0.307629452205301,0.311841725279916,0.315185229260407,0.351126012071525,0.347724897019808,0.351255500601438,0.354051370136772,0.225396884452483,0.220728078399884,0.225374156045839,0.230607113795838,0.0398148229191443,0.0375293474107654,0.0395392718425526,0.0441174241239367,0.267,0.2204
"82","URY",0.463886887933802,0.450353135075956,0.464953692280595,0.472216396773483,0.37884062125656,0.358530551764652,0.380529334705105,0.393228637807297,0.404722998011239,0.371489337762251,0.405386462526568,0.433094521882487,5183.81230780098,5074.57858284635,5177.59371845781,5346.21064508721,0.195354987751164,0.190963737939804,0.195198713570438,0.200906689237043,0.279443874221519,0.275021304230231,0.279618206583811,0.289459119072557,0.352292442950912,0.33717219218063,0.352793407757982,0.362747599063819,0.0868945435678353,0.0769995453979627,0.0866365295719516,0.0942138787853845,0.455,0.3466
"83","USA",0.433390654643232,0.42281877510264,0.434298367437679,0.444496199911781,0.355040761760736,0.337529296267094,0.355673461239447,0.375725931739023,0.340131485580624,0.315336121215235,0.339550500546849,0.378382078436352,23169.2947943813,22712.6033482973,23181.3436153877,23720.3470252321,0.20957976942066,0.204652107636486,0.209277025641083,0.215513783945852,0.306975836184014,0.299784216702876,0.306824254526104,0.313646489292962,0.316144088965527,0.302314878402438,0.316795822702377,0.327764463196069,0.07170153830311,0.0643057057955464,0.071460420242696,0.0816460104269764,0.4075,0.2995
"84","VEN",0.447854160471119,0.437666930871715,0.447852510691174,0.460355924594796,0.378053012331957,0.361359899486394,0.378441852929809,0.399354291022806,0.375606704852754,0.345626812179466,0.371777374215989,0.431138522446974,2632.11327417273,2565.91110080467,2627.44045625405,2689.13977250771,0.203144705916649,0.197228060181284,0.202999983907912,0.208506020613509,0.298371499118578,0.29143295635832,0.298899645803988,0.306073208695368,0.332255245804348,0.318864878548968,0.331578421482045,0.345766509712614,0.0817509110933486,0.0725566655796545,0.0814617916894206,0.0963064666723011,0.469,0.341
"85","VNM",0.356955432706799,0.346918088602896,0.357277077664676,0.365667766592408,0.20998261919954,0.198165951104928,0.210221500010385,0.220603933553953,0.23409349635454,0.217554011076012,0.234443916585035,0.251580306261603,1025.4482685118,1006.06057987795,1024.16111176719,1045.40202789664,0.262320571154458,0.258257220895233,0.262259539083247,0.267834592959952,0.318789855538507,0.314116070274271,0.318442622955814,0.32371668918658,0.281993138296422,0.274135684701509,0.282831832732095,0.290462125932188,0.061614813460699,0.0552549387015621,0.0613368198583403,0.0679228611379566,0.369,0.288666666666667
"86","ZAF",0.639375482897096,0.614356675751315,0.639138747753714,0.674138639439848,0.809381384305903,0.741723293342278,0.807648326516172,0.908780508379125,0.973625253072877,0.807206359243431,0.935605160944588,1.41222519019365,3077.7701117983,2865.35532234584,3070.37643859923,3390.66053399233,0.107429191887307,0.0972633800760427,0.107304714445161,0.115355414928006,0.188023924791627,0.169497318880216,0.188406017174594,0.202127552126814,0.523154232297621,0.490086606762677,0.52232998861777,0.569983103692132,0.200914274845595,0.161237802779893,0.195483196407201,0.273673571620718,0.632,0.513
"87","ZMB",0.548110309039085,0.53537557005369,0.547162561253499,0.563720469031634,0.547973757520447,0.520296148307176,0.545231283475543,0.582886854589974,0.634402108192476,0.572693958968805,0.628583729439107,0.764110508255542,509.260120803768,490.580359940082,507.489605775915,532.131503554243,0.152361184888708,0.146283052993991,0.152643665424736,0.158390860509366,0.235236024829638,0.227113902826859,0.23562519693085,0.241956045183473,0.432802099021797,0.416388128251032,0.431793109560737,0.450451000898747,0.135794228540515,0.118428134502493,0.135493891342956,0.163068729960011,0.551,0.442
