"","contcod","Gini-MI","Gini-MI-0","Gini-MI-0.5","Gini-MI-1","MLD-MI","MLD-MI-0","MLD-MI-0.5","MLD-MI-1","TheilT-MI","TheilT-MI-0","TheilT-MI-0.5","TheilT-MI-1","Mean-MI","Mean-MI-0","Mean-MI-0.5","Mean-MI-1","Bottom 50%-MI","Bottom 50%-MI-0","Bottom 50%-MI-0.5","Bottom 50%-MI-1","Middle 40%-MI","Middle 40%-MI-0","Middle 40%-MI-0.5","Middle 40%-MI-1","Top 10%-MI","Top 10%-MI-0","Top 10%-MI-0.5","Top 10%-MI-1","Top 1%-MI","Top 1%-MI-0","Top 1%-MI-0.5","Top 1%-MI-1","gini_ref93","t10_ref93"
"1","ARG",0.574512000135709,0.537567251940043,0.561101335644077,0.931107229787775,0.628244695705835,0.525545866101009,0.575149966206908,2.42520715921451,1.01256175835556,0.646223478175648,0.800835633170455,7.47624681458516,7146.71528400667,6008.09507496117,6344.27391893792,40681.0145659381,0.152546692834228,0.024845408503011,0.157057136187305,0.166476642578218,0.220370774369327,0.0356131453814492,0.227178934294688,0.240258159753795,0.484913116009651,0.440789819117554,0.468946479582748,0.917173120506457,0.215381871983489,0.150529930546691,0.190374303647879,0.873327739971634,0.464,0.351
"2","AUT",0.382438893768694,0.369105797347431,0.381249459608377,0.401888077422171,0.253132407625946,0.234715368322004,0.251753276255563,0.283435019917436,0.325662461599033,0.28371503032014,0.316760613740864,0.45878922937109,16428.2816540634,16120.7241803364,16391.6858758649,17009.5397817904,0.256088165450274,0.247311410100368,0.256427837659822,0.261556649877898,0.306615500307902,0.295869788629033,0.307631318886568,0.314059020101197,0.317691099866675,0.302283056883171,0.316048696717304,0.33798303763079,0.0927763176784315,0.0803518601779754,0.0909044098878997,0.120920993553083,NA,NA
"3","AZE",0.432038276279223,0.414585862459782,0.430165880260863,0.461498292321314,0.324839143713849,0.296598344334214,0.321394703734302,0.378322572440522,0.442894343897576,0.357684866926289,0.418995275417011,0.695729164451822,1229.55020177821,1186.99053845917,1222.78106560961,1293.69860502208,0.228129117798948,0.216664591319692,0.228724963122139,0.236637249515924,0.284939307292983,0.269926090282429,0.28593054751836,0.295130005339846,0.35838521820825,0.338045389303392,0.356144440488937,0.392411712818413,0.117846914308256,0.0936527335954629,0.114029530310004,0.166721116526583,0.347,0.268
"4","BDI",0.417909036189217,0.40043674575175,0.415305731108181,0.455445061184327,0.296320153564474,0.268232641489619,0.291083537755398,0.364119107532823,0.425752503759089,0.335579448985315,0.405503482421358,0.729641241179823,367.411148050317,355.017532663671,365.245068850462,391.11524621318,0.238133710572609,0.223908586212293,0.238956870704598,0.246413719207457,0.282816882058532,0.264787087677513,0.283658156388763,0.292455891179293,0.354779310941516,0.333939419535674,0.351515153312078,0.398007946496903,0.117254397148409,0.0918515870235956,0.11497219728347,0.180927520272559,0.333,0.266
"5","BEL",0.336708379376645,0.327652392471208,0.3364274551075,0.351658115965401,0.19612539693722,0.184081935237415,0.196348586376337,0.217052667633517,0.239211503683997,0.209614960664339,0.240298754326725,0.287024446391542,13699.7452409522,13397.6413653385,13664.9696580014,14066.7427815131,0.283475450782429,0.276609543880022,0.283770713897409,0.288373826865743,0.324705532417393,0.316859278525927,0.32513527950127,0.330243804362507,0.283947243279248,0.273028423740326,0.283842269354006,0.299962160803423,0.0742394981190298,0.0632351279411406,0.0753528447658576,0.090118159772445,NA,NA
"6","BFA",0.748013490367329,0.675572931448446,0.745888953841114,0.857946139187305,1.09306937355023,0.825458285831981,1.06853965692804,1.64903430122721,2.35413513999531,1.36672364633115,2.18739528845469,4.38398450862124,1062.1518856974,784.225895970792,1004.39509157437,1841.56469976321,0.0887956928006549,0.049758135623558,0.0900241935172974,0.115180647942465,0.114318780128565,0.0639482957318837,0.115488115204947,0.147014828930289,0.704637073065383,0.62024725241407,0.702601072338751,0.834126497000794,0.463206279631391,0.318179111735617,0.452999414681828,0.691858283615756,0.481,0.395
"7","BGD",0.43847946372453,0.41548991287435,0.436744097296286,0.465821952116643,0.324235306883828,0.287181632147528,0.32013435301822,0.371072020592821,0.506793407407708,0.401478115560627,0.491088504338165,0.665744752455284,612.735783304866,584.948567934517,611.102390115804,647.320236324955,0.232013429270636,0.2199994682709,0.232419163817249,0.241950596053046,0.26149115345043,0.247791319182868,0.261857211152298,0.273908543681335,0.387922489357422,0.362701801324566,0.386145925463802,0.417348196869077,0.141628282453439,0.113623291403935,0.138868407244876,0.178269126182215,0.3025,0.257
"8","BGR",0.290153205556029,0.283602292449826,0.289470756362746,0.302248893237694,0.143572887571415,0.135294700893664,0.143163402181545,0.157881134589766,0.174318321308973,0.155082920754264,0.171491195706406,0.203411978975806,3872.59660063593,3820.80763871812,3867.62234476466,3956.9105243086,0.311883155114008,0.306031559029006,0.312101845976501,0.315828633579308,0.33736293579121,0.331634775076842,0.337857979651541,0.34062371757719,0.253957293687653,0.246629992705344,0.253257279548904,0.265641779378996,0.06041392158548,0.0527562975781821,0.0598269413796469,0.0708871787626844,0.307,0.247
"9","BOL",0.768251579074267,0.688601037358388,0.757768698834111,0.998492409859123,1.28660682670164,0.87470090982086,1.12597217626527,6.272535773873,2.64845139900702,1.37893871526096,2.26085006757204,9.13140826707897,23081.6692801257,3871.96672247413,5034.21282190245,877716.802970901,0.0774920062518809,0.00047005585798318,0.0810801130333559,0.105018819319633,0.108641927352496,0.000655098622531149,0.114152599259097,0.146169884481896,0.719214989063319,0.623474523287059,0.707382896667913,0.998292601421252,0.483145798187009,0.313446671385049,0.462107160746883,0.996822599843546,NA,NA
"10","BRA",0.843104773665836,0.765683215117152,0.842084325767672,0.927973457253251,1.68020228826851,1.25104930997838,1.65552087654201,2.43831074224841,3.06063852184883,1.71571433589821,3.08950799182078,5.14702267847103,7691.7643465928,4816.49440489596,7305.57729303387,16212.8279558964,0.0451153505652529,0.0202309851319874,0.0450410252330972,0.0672610933364792,0.0767525011017167,0.0345524086228187,0.0766247994298103,0.114964139237559,0.798974691918995,0.697728524141281,0.799310363521436,0.907574099256103,0.575032687623061,0.372709400196824,0.57776871107685,0.799593152586324,0.576333333333333,0.452
"11","CAF",0.82132295293688,0.766560905123763,0.809179423469449,0.999084275672774,1.65544359565545,1.27160539271382,1.4689368476937,6.92564037737171,2.84767158958625,1.64875105470188,2.40922431343349,9.14824615785045,3801.71512607779,540.948565567009,656.168128140713,153456.171235417,0.0479682808010178,0.000216831426043019,0.0513963310927003,0.0621347122821649,0.087895449314083,0.000399920884386717,0.093215003285363,0.11429916724898,0.762270104165099,0.687543504728632,0.745712524120912,0.998912077017984,0.514420266002833,0.350616676064293,0.484202075323605,0.997737804280123,0.613,0.477
"12","CAN",0.371519621060459,0.359470894017884,0.36964935289367,0.448550188565541,0.24079717222542,0.223800421401873,0.237732260041065,0.369637478844695,0.289931829243848,0.239858818382544,0.269323289695971,0.995730261868828,16329.4841881941,15969.5431539523,16265.2169137818,18582.2273640475,0.257871913862376,0.226017838066278,0.258645277165366,0.263949808221191,0.318111092990905,0.279416008101301,0.318648212299292,0.324241240577856,0.2978546012412,0.28390766298825,0.295968308704008,0.383485265304648,0.0785696225455898,0.0638137832610385,0.0757095781109405,0.187984364034957,0.3115,0.236
"13","CHE",0.396362582816082,0.380846314396718,0.395049424548085,0.422810263554677,0.279755596782024,0.258013281782505,0.278448812780136,0.322825198718126,0.340658171455568,0.291022612515307,0.334613033832716,0.496963828449348,20370.7758129447,19766.6205090586,20319.761691365,21292.6142575844,0.245768133907771,0.234136758254026,0.245982793730806,0.252941805624866,0.30867246921756,0.297181138366183,0.309202470394609,0.317022379018024,0.320946657930551,0.3040960346643,0.318665217374843,0.349702472334313,0.0932303347698354,0.0798500888259392,0.0911268337282612,0.123999319765962,NA,NA
"14","CHL",0.80796551388068,0.730101522278522,0.79892557145464,0.950048094188669,1.4120387922067,1.01527127871514,1.30942973988002,2.70400415689627,3.07833179591837,1.68080213821083,2.69114127226058,6.89026386506337,10965.5769581512,6678.44793135815,9035.89725110029,36263.0975979679,0.0633209870405508,0.0164987330816042,0.0663150473279553,0.0897259996338888,0.0881866267847406,0.0229766483515989,0.0921154734212877,0.124018004009226,0.768108999440247,0.672566016512876,0.757840090390766,0.939960459038746,0.550759091739843,0.374559614336673,0.534598709870641,0.882992688575169,0.556,0.4555
"15","CHN",0.45622176878523,0.445227916705603,0.455239672000439,0.477555114301854,0.35514717657873,0.3369802575597,0.353689906419051,0.394446343668821,0.438307013996739,0.387650248669372,0.43086692780103,0.579059935233109,685.385962282498,668.981261045469,682.882920211381,707.44419981443,0.207338324329586,0.19879644779861,0.207440155300104,0.21221007935388,0.274850622586138,0.26488963297369,0.275376489537179,0.281361250856455,0.364617782020615,0.350968182398638,0.363622545386859,0.389488520058354,0.107453833668917,0.0910690437799139,0.106733154593192,0.134119183648144,NA,NA
"16","CIV",0.474007354543511,0.449580185664526,0.469039802158176,0.534588688374176,0.385846675157313,0.34203437409086,0.375416324575611,0.508926290825657,0.595105182297091,0.441910979232269,0.552947121941342,1.17486944694162,1288.58623632648,1225.52182997305,1274.70048635232,1448.41346019341,0.20844106467812,0.185573137417566,0.21037261662418,0.217994823950001,0.257799356882594,0.228316778190987,0.260256286672391,0.270908338189168,0.404404569210632,0.375184600683814,0.39848930251831,0.474619425010863,0.152625370587209,0.114937544091234,0.148143745285589,0.257742204581144,0.4,0.3115
"17","COL",0.717089065947416,0.663472005154106,0.71581044937943,0.789076294668678,1.00370067019864,0.82732747496881,0.995638601640102,1.2889533426417,1.85414467170172,1.19153584440802,1.80499817728805,2.95246326836307,5274.10423957051,4358.15939608958,5237.34855443649,6996.63643496784,0.0961230983414159,0.0715573503743237,0.0963629667323807,0.115351797004129,0.139613552194651,0.10297271352326,0.139631080636036,0.166103485750387,0.65522401689047,0.589393189426979,0.655024303372746,0.743083399275481,0.390278577236563,0.271385433608521,0.383728679011358,0.543191282595589,0.515,0.405
"18","CRI",0.583265190419817,0.556165118847566,0.574747723672106,0.665668476995047,0.649481014614727,0.585905759366211,0.627550412925956,0.86923332177135,0.932851610049575,0.713540420396639,0.847784188113828,1.98018674157298,3924.86545978571,3671.1203200337,3837.12540668655,4839.84370503694,0.146622986946869,0.116841944263614,0.149312769458056,0.157333886209618,0.221028676783614,0.177387532016973,0.224982398793995,0.234733165960007,0.489127323133039,0.457070795823765,0.479707194740029,0.589597794708657,0.211735735994215,0.163627254614579,0.198467387492506,0.359813979445128,0.4616,0.3416
"19","CZE",0.33256171835914,0.321489513272146,0.331543306064546,0.347315594643942,0.185923645837223,0.172397992421924,0.184622195334281,0.205182773534969,0.260476975668999,0.226354856457776,0.260068615093654,0.312631964998059,5773.01539527571,5656.55539784809,5761.14425424827,5916.32637755981,0.289890414744998,0.28333313524368,0.290604168505315,0.295082000053486,0.305841168915129,0.297916222957514,0.30627039260415,0.312347929364259,0.29926670096884,0.286999734441425,0.298503872904612,0.315473428415433,0.085410333390087,0.0734711913669409,0.0854231613203682,0.10104054671135,0.266,0.236
"20","DEU",0.359926943406999,0.347769208495764,0.359353405461894,0.376859914847422,0.224173032807645,0.20848418905,0.222949913358453,0.248696193981359,0.277464556224926,0.235643544546366,0.272968538666431,0.370135308068509,14874.3768985228,14534.0215995699,14844.4485726508,15306.4347131539,0.268274716767245,0.259943074697916,0.268686831267976,0.274565302359659,0.317467753890674,0.308439201428153,0.31742704554572,0.323642445620599,0.297998270026888,0.284711923472452,0.297464408181572,0.314174223773378,0.0813144643851892,0.0668371110436637,0.0801498705745047,0.103401407625131,0.291333333333333,0.23
"21","DNK",0.291630651944304,0.283807687659997,0.291722645903668,0.301212193186865,0.14961103027312,0.141444578464186,0.149108396618287,0.160646205914172,0.166698260513245,0.152519316864945,0.166050990885666,0.189831923274361,13242.9430425679,13019.9602678771,13236.9808626805,13554.2504512876,0.30936015023922,0.304974202487774,0.309543087303492,0.313688136064244,0.347704842698427,0.341946514636274,0.34763012089763,0.35199467199876,0.246514734507571,0.238290705224746,0.246945700970149,0.25816541611999,0.0554564401589678,0.0506895939012594,0.0553184660056731,0.065297415122305,NA,NA
"22","DOM",0.741272189294997,0.661154620848877,0.73206816383193,0.906787913681689,1.0852157676112,0.789082219299223,1.02212350225056,2.07770598014485,2.33239514020382,1.25005215389693,2.0536765270298,5.72883576143478,5914.21191029417,4211.88977861747,5335.7904668967,15172.9206472724,0.0894933656320584,0.0322533789349408,0.0925323619096761,0.117616964447339,0.120687430975476,0.0435236471282802,0.1256806505371,0.159482245068745,0.691401669474187,0.595401046514456,0.680441272949845,0.889225804397069,0.447772484543671,0.288402589228128,0.428568595188872,0.800197988756741,0.514,0.419
"23","ECU",0.732583142280803,0.694905911582053,0.734354690930133,0.787051395916193,1.08271119889408,0.949373905840462,1.08707828981803,1.30881499439432,1.78858271591127,1.37575399720454,1.79477043596499,2.45019553720657,4036.5108096566,3480.30231921792,4045.21824364099,5001.27983349197,0.0871622930301214,0.0685992851416096,0.0865215029979283,0.100534996039839,0.134000024114131,0.106688441343864,0.133240522775216,0.154484415416227,0.667941201720405,0.619497486383036,0.669637973448925,0.73487041917962,0.389275819495762,0.306708860064985,0.39392511764557,0.510700838557529,0.534,0.425
"24","EGY",0.38191306021504,0.369939084832186,0.38195224379455,0.396346794219692,0.244674793669027,0.227651367044403,0.243903544003942,0.265146968643237,0.349554877870184,0.306284242302588,0.348879480314532,0.391673044937764,1360.40648975876,1330.07970371595,1359.95863681033,1404.10552558117,0.262544171538577,0.255947607868236,0.262618530785146,0.268429806031111,0.28523533383057,0.279572397362883,0.285114838884889,0.29210910041876,0.339362254264403,0.325863991593074,0.338894719272459,0.355180875620574,0.106089459864687,0.0917121156489573,0.106797508985631,0.118847302465754,0.301,0.26
"25","ESP",0.452346044604791,0.43355232800386,0.451342415258466,0.480443900608345,0.366119318374876,0.334922795769571,0.364015536605569,0.415815005926794,0.470695308220012,0.385900921604375,0.455604416993266,0.717504055484199,10294.6638226458,9902.3582442146,10259.8515535153,10918.6673720401,0.214445812575317,0.202806565161881,0.214949548800055,0.22235795029848,0.282553662771264,0.267118731395129,0.283306827374253,0.29248854375275,0.368047278523002,0.345990215956311,0.366767599038631,0.400616068815831,0.121342436664001,0.0992273012866018,0.118819279990483,0.164445832261944,NA,NA
"26","EST",0.510903719767011,0.485516716403255,0.509638759858229,0.547435658621094,0.455362124136705,0.408200452664367,0.451851175756039,0.528651055881813,0.67724824883154,0.543350781221024,0.669292553027112,0.86302209141097,4216.43690125818,3992.26304892973,4194.64218076246,4597.94291000198,0.191372598755147,0.175957594978209,0.192100569812775,0.201758760955835,0.240350280971893,0.22177571838029,0.241343066567552,0.253527467462822,0.4418054505789,0.412627107734819,0.439999502186878,0.482352099701453,0.174913779478213,0.139613157733396,0.172501316052438,0.220525399814274,0.395,0.313
"27","FIN",0.26612729143251,0.258628360369512,0.265440492634131,0.29245780338377,0.119017978669948,0.112304124084599,0.117773118689562,0.151669844737051,0.137645790234976,0.123464972748743,0.134235079822624,0.267116238712679,11266.5802893197,11130.6175251227,11241.6830587234,11684.2474939667,0.323689968600223,0.311039640302179,0.32398481269955,0.328430644931263,0.349304062150581,0.337518633322038,0.349704624833047,0.352600160038188,0.231316738660965,0.225936744925492,0.230462075842848,0.256852468425777,0.0487798244491806,0.0434721996463831,0.0477850831759898,0.0758194343317857,NA,NA
"28","FRA",0.393189566670751,0.377867417578958,0.393352106530064,0.414501929947841,0.272587950762405,0.248984083720674,0.27231663136982,0.308142090535658,0.336118534236361,0.279100635971592,0.324669903114023,0.482589263112682,15609.7141718272,15181.450740138,15604.0832346395,16133.1759715796,0.247943610066847,0.239532566941406,0.247650633504684,0.255322630484193,0.307809415739645,0.297018301726793,0.308175880769766,0.316090252185786,0.320006830735043,0.302772633012029,0.319763696153157,0.344824127644523,0.0925901535460733,0.0749439259353627,0.0908266700584822,0.126740023559992,NA,NA
"29","GBR",0.442595209724528,0.423621362184103,0.437462835679534,0.645584712155678,0.343580300511643,0.30984849409617,0.331356270486929,0.792525035080079,0.486279070052852,0.360950005475165,0.410777885890214,3.0378670644055,13108.4818942072,12604.234368917,12890.3914466193,20572.0665440599,0.219918650779471,0.14020923406805,0.221401043342752,0.228803285559149,0.282468226557875,0.179498827210417,0.284575595873229,0.292951532074325,0.361856192296375,0.340832073591816,0.354100456049641,0.595595007878037,0.119469678675778,0.0914362336184805,0.107902805355075,0.43906796447212,NA,NA
"30","GIN",0.5799127995394,0.549346970439912,0.571867805246666,0.918158212231413,0.612065959693841,0.526424093696139,0.575393655844321,2.22904965534487,1.01652969638306,0.715158899423443,0.851693704079343,7.1496941174751,731.769956370153,633.509493149713,672.394211034357,3539.31960676906,0.150760622608469,0.0293215192666609,0.153448481716823,0.163334770124649,0.209107440563055,0.0405715782986114,0.213020815556874,0.225994182777863,0.495790342588392,0.460142038222511,0.485735962171303,0.902007568270588,0.219097004617909,0.168873597116474,0.20384598881903,0.845678844272088,0.4645,0.3385
"31","GRC",0.395130070151867,0.380593674676078,0.395568302395096,0.416489130259467,0.270948987254169,0.249533627024591,0.270580840745109,0.305096983500654,0.345997793927772,0.291920552794953,0.335970778714368,0.492422931483985,11125.2032666334,10876.772253088,11074.3268168611,11565.8381707553,0.247620421495624,0.23793655292575,0.247531603080792,0.254826905777518,0.302999267612584,0.292880545101849,0.303513956049217,0.310263026061713,0.324897973496611,0.310503683376668,0.323709743885469,0.347546581556625,0.0958594976057566,0.0802582469648084,0.0938228498226466,0.128373410215743,NA,NA
"32","HND",0.76136593243835,0.693452065303299,0.751689086647326,0.919855658536292,1.18685696755748,0.909765545362542,1.12061389083475,2.25263317926036,2.41698403810333,1.36427541033279,2.18864113019736,6.19299875899862,3285.48175792198,2405.32235931455,2954.76955701269,9178.66267225177,0.0792052568126387,0.0265272921184646,0.0828026414297273,0.10153060921592,0.115490519075632,0.0386818276958789,0.119944757274509,0.147554859021018,0.707977171480656,0.623241523074005,0.697391934444862,0.902151162501038,0.463931081743792,0.308424800937438,0.442494068841533,0.818562981764206,0.5354,0.4246
"33","HUN",0.346002645355188,0.333423226513442,0.343246691522224,0.365938473846135,0.200580191753438,0.185430042470177,0.196188333397556,0.229972564350058,0.282459136918448,0.240253676054599,0.270241459640117,0.390171957253366,4703.56656632442,4597.26832684491,4683.70333510972,4876.73905496907,0.280726482743084,0.27201038401075,0.281975202555027,0.28804670588208,0.304479690569706,0.294130447088619,0.305564172093775,0.310228044992691,0.305106331904526,0.293298820105465,0.30236889085136,0.326302989758903,0.0887370774617283,0.0757390305734993,0.0868932278634599,0.114008859186659,0.279,0.242
"34","IDN",0.369423258190391,0.353709729471641,0.369129414655239,0.395981879504794,0.228784841704878,0.20629858104124,0.228428491855749,0.268502275766472,0.334692964562774,0.274117280805714,0.327176067455934,0.480522312560919,600.173292401757,583.923873487374,598.392439634073,624.105173283159,0.267903626085438,0.255991102152444,0.26765700899417,0.274479193836297,0.293660740304481,0.280840708837197,0.29420992511116,0.300912369726651,0.325232739285154,0.30674792607251,0.325276708348061,0.351859656879152,0.101041499675237,0.0837622146934342,0.100000376760775,0.133874081143559,0.32,0.27
"35","IND",0.388631488054067,0.375190965212239,0.388723582826015,0.406881745464536,0.254441605166006,0.234836090813081,0.254569357707435,0.280464564600027,0.357888524896377,0.309673271913968,0.35849199657054,0.418901895925997,649.6391716162,634.72526321948,649.523412522625,672.199942546843,0.258076644814762,0.248311730640467,0.257910632914714,0.264261088776372,0.286838359330443,0.278625934637715,0.287014506936304,0.294802618303664,0.341041084208906,0.325710966301703,0.341531787584813,0.356004955980061,0.106927373473923,0.0910700400204857,0.108008426426429,0.12365410078009,0.317,0.267
"36","IRL",0.373094822914183,0.3619764955938,0.373380041078803,0.381387526473826,0.257582612365945,0.244923660221724,0.257668475513223,0.268285400227762,0.271574566991441,0.247568154553664,0.270915304000808,0.308696104664625,6918.1473677543,6770.83945718789,6922.39933432512,7047.85610140599,0.254917013938942,0.251078971812118,0.25487478529632,0.260550089500497,0.329290314025874,0.323796963534922,0.329060239386269,0.337217330601389,0.290367313363028,0.277765761525656,0.290974088537229,0.300469704214446,0.0725448700372223,0.0624493148926768,0.0731356365478054,0.085722683941042,NA,NA
"37","ISR",0.429314986677184,0.412497197927787,0.425429366673204,0.584889134781911,0.318069619757036,0.289772942972939,0.310385091636263,0.633528011365288,0.432480005731487,0.336375875616177,0.387788684305264,2.24373522112395,8715.75271668704,8417.18059426358,8612.03532982002,11962.7368810036,0.226090609634021,0.164662375914621,0.227706475865931,0.234933771962256,0.287366124574989,0.209010335624446,0.289010259607067,0.297549447458087,0.349124017735771,0.330275349929457,0.345162975774702,0.526732871666529,0.108586557975424,0.0858758360268865,0.103031523312871,0.350040230288959,0.355,0.269
"38","ITA",0.366930596146199,0.353942305227734,0.365290753943564,0.440703420779177,0.234780471456645,0.214446736457707,0.231901093153853,0.358184361254151,0.283721014371766,0.234647210964942,0.264340034038004,0.974069085961904,10449.1281797226,10237.0376845454,10389.4994424721,11840.0187175842,0.260955990482659,0.230925334385584,0.261417548593512,0.267746257489969,0.319641825235889,0.282554217698077,0.320485570366105,0.32632278747122,0.295219922428845,0.283756939929067,0.292988513996155,0.377833167524784,0.0777759965054958,0.063265703145879,0.074315047298071,0.185213579668892,NA,NA
"39","JOR",0.577434405107094,0.55522891607797,0.576611118042671,0.604062168773941,0.585730794827696,0.537065483154203,0.581711550596657,0.646871338560594,0.932477631054628,0.810037931729406,0.928847769701585,1.08644159854812,2930.51580790745,2787.67217668814,2918.0076011207,3156.73460371054,0.160183830669369,0.149317616694079,0.160525666759775,0.168394344418454,0.203074262690792,0.188916296951353,0.203808685566019,0.21386497139376,0.512448512086302,0.485154285277723,0.510145979817121,0.543248325577768,0.230566215995336,0.198838171886508,0.229423982803321,0.270812244439657,0.434,0.35
"40","JPN",0.301235373798743,0.290844815002228,0.299174451009509,0.372766682934004,0.15177773868795,0.139494084401674,0.148449012868746,0.255321190991827,0.203633425010058,0.170480166877141,0.189194264708578,0.739228316879862,15955.5046957425,15658.0416422463,15908.3804191513,17853.795581525,0.305229768720087,0.273369536353902,0.305709167996387,0.311174886949591,0.325653821690449,0.292535383922129,0.326854604987067,0.330608565103028,0.266681557359437,0.257371854169521,0.26455705220179,0.34015511579137,0.0676457497276127,0.0585266749505841,0.0650172922298537,0.154294629988247,NA,NA
"41","KEN",0.840214157360778,0.762829749546262,0.832899498446298,0.971667637973905,1.62151231080169,1.1454750704286,1.49653391568607,3.27263449274095,3.44466765619669,2.00702413964204,3.05556728913459,7.68114433231764,4091.77096307159,2190.87936762492,3123.28958328602,18159.3549566525,0.0513494736609546,0.00921011285246305,0.0535354910446971,0.0765371196611,0.0720030868907426,0.0128377964177843,0.0751784397966349,0.107271987722838,0.806766824138045,0.711107223211865,0.798613791984888,0.966191253931372,0.604328655544811,0.42195246203189,0.587666211048185,0.930504478412304,0.503,0.4065
"42","KGZ",0.701485712914878,0.658321962852139,0.698087527487752,0.79609549802167,1.02249627348898,0.884758397035823,1.00648974641765,1.40481298817388,1.57507217235016,1.11570211620706,1.49977804962473,3.00990641601441,3447.68788537276,2956.32159189795,3382.23988342656,4993.45353061009,0.0932871677820695,0.0632103850606325,0.0942342856697509,0.10780126869255,0.158288469893211,0.107987670246383,0.16065800641523,0.182269749742558,0.616536019979487,0.561197242040847,0.612299873675574,0.738152239262366,0.333501300468363,0.251628435231929,0.325461123124439,0.535589096440054,NA,NA
"43","KHM",0.479006034657079,0.466560360522778,0.478621354275539,0.496342635572845,0.381295802588266,0.36074417743655,0.380019294254577,0.410827631497572,0.549819816575087,0.514866606856443,0.547397628362472,0.596671107695469,833.467585949297,808.172121925848,835.070849825819,865.565757045178,0.209527869873193,0.201564944120879,0.20937060173985,0.215781631022731,0.23497935853544,0.226082047988318,0.235038902724629,0.241420833156169,0.426798668681895,0.415221138951299,0.426088742499651,0.4455458095465,0.142674515252389,0.132620469817438,0.142470257968133,0.157988826394036,NA,NA
"44","KOR",0.37772747950681,0.363007387377422,0.377993789927691,0.397149332863898,0.25213815494244,0.232480166956307,0.252699564645502,0.282307167918466,0.303355357263867,0.261504710012569,0.300095326972774,0.397567955906541,11023.1438183883,10695.9955490126,11035.0940238833,11364.8009649011,0.256975848584346,0.248480889025095,0.256737576845295,0.264489942319215,0.315202386478728,0.307295661666325,0.314903748054764,0.323091452901491,0.307652105298812,0.29169359732062,0.308267881927139,0.328853254523033,0.0857120660891651,0.0715349702730855,0.0851016424055245,0.108011527831812,NA,NA
"45","LAO",0.388008729895949,0.373141924468671,0.387630190453725,0.404736495500242,0.253374229966829,0.231584023925019,0.253525500857459,0.276779293859343,0.366215738741876,0.310788419020513,0.367789120328891,0.424010402184364,604.819376662734,587.556641812064,603.879657412201,625.303840384557,0.258646390829658,0.25054415654937,0.259296176379186,0.264823458174401,0.285669782944107,0.277253930821656,0.285732452368554,0.294233842587468,0.341984977518866,0.324183261124656,0.342459570507474,0.358583620505088,0.109602168903193,0.091820279384991,0.110005518615914,0.124784134886799,0.343,0.281
"46","LKA",0.466942644977442,0.444784653257582,0.464318042601439,0.500555753172743,0.370062854125984,0.331706287625043,0.366864074407364,0.430885441402261,0.585558107644201,0.477022270883778,0.581174139852713,0.786626022810717,1243.14041655216,1190.44222595398,1236.51957265115,1334.5067601903,0.216627393285436,0.201880127658923,0.218100537871156,0.226128973435494,0.251396393585791,0.234645421870577,0.252081925177861,0.261950701044906,0.411032366578306,0.386334534356936,0.409308574804926,0.445941813891085,0.158076503296849,0.131585466553045,0.156422247014146,0.201718045227308,0.354,0.29
"47","LTU",0.425236032126533,0.403256196575446,0.420662797452879,0.480609391440793,0.304393299550639,0.269175047543086,0.296572102088197,0.402925428626295,0.465724252079905,0.358557943821816,0.435831508740232,0.868095065694641,1788.35467816038,1719.53774511944,1775.83957513197,1970.77248814726,0.236345307124913,0.213316216875385,0.238385233561538,0.245679972955422,0.272698440326151,0.246569582238762,0.274709809344699,0.282960156329211,0.368788716697828,0.343328647400826,0.363907690918881,0.429309463549257,0.12846220950116,0.100591826059973,0.122355650617439,0.208789616058695,0.336,0.28
"48","LUX",0.317112417002277,0.308597435216101,0.315031640684899,0.366252880306799,0.168633664581529,0.1577731710175,0.16605439690504,0.240449534674423,0.20661575440625,0.178903248766574,0.195940269235931,0.559942979185469,19763.3323694081,19459.9021534236,19700.5913229533,21319.6763185026,0.292300048529194,0.270429967074791,0.293315972076676,0.29720951811893,0.330149228237437,0.306949027445256,0.331002863829723,0.335008670295403,0.266383319303724,0.257374247388967,0.26503962571053,0.31786966494418,0.0641635408443595,0.0543237490498248,0.0620629858520538,0.126004884325282,NA,NA
"49","LVA",0.315819156073295,0.306484812063456,0.316640847030299,0.327163117167236,0.16375837785498,0.153664430849281,0.164398355251229,0.17827518263294,0.195759047379999,0.176979218116356,0.194279922510217,0.233124147523833,2556.09874444509,2504.95750568342,2556.50494540708,2593.70025616154,0.292010637944708,0.287951180632225,0.291769648643942,0.296792964293361,0.327817076382116,0.320878768762549,0.327990363046719,0.332957992532626,0.265297659098471,0.256547128621668,0.26555428459254,0.279795840387201,0.0614203091409411,0.0540280283688321,0.0611276054029946,0.0753857104836601,0.29,0.236
"50","MAR",0.470465005943796,0.452450435351117,0.470061578948849,0.494191058855303,0.371797877276924,0.340768088739088,0.3703984861259,0.416766860652868,0.49527449618138,0.41242493780257,0.486013282274933,0.722454353962492,2211.44551333766,2126.1162304867,2207.07454650502,2321.92682453203,0.202662145596981,0.193728323548749,0.202630440665982,0.210083041045246,0.261104773232796,0.247648650165008,0.261468226431028,0.269459588949551,0.386321919790487,0.363480539641104,0.385911675027441,0.413243029697805,0.123093260261068,0.101649194391003,0.120815615843496,0.164971115921548,NA,NA
"51","MDG",0.640428967318893,0.582938874628883,0.630578163179843,0.77623042927088,0.749705276973928,0.59699457412029,0.716026161931,1.21566053114485,1.46065032741214,0.870830560004439,1.31737485893407,3.61584245305806,700.335785196935,593.724622867819,668.920339632891,1099.93397598879,0.131581638456508,0.0816470617262765,0.135279229469382,0.152543846715636,0.173923667879017,0.108437739743477,0.178831516484999,0.203713018578074,0.577294862278955,0.508999031130068,0.566177139047358,0.737050566491955,0.313325056282918,0.208216008461087,0.298304495697511,0.568369106114471,0.453,0.37
"52","MEX",0.758813744150937,0.704655740135008,0.757670644616202,0.816781547326652,1.17054696297603,0.96125720989561,1.15821004534211,1.4406701449856,2.13790994478596,1.4221421375949,2.07993330104662,3.19183305263694,7199.41214108544,5731.44769462739,7087.13924463112,9477.37886603308,0.0788669875124237,0.0595840791986999,0.0798579145571589,0.0960608566489705,0.117780412210939,0.0897162205912724,0.118264096468259,0.144873355761666,0.702959924149768,0.634187005387602,0.701386012587657,0.773566864853513,0.442984876440065,0.320426908184725,0.439573208007947,0.577102218048536,0.4995,0.3915
"53","MLI",0.729659159423394,0.654323912843251,0.717383785488547,0.997309158214641,1.11170857182551,0.772069950853311,0.972155979948597,5.66211203046616,2.28545742207005,1.18522904773228,1.93585227521322,9.09884614715882,1745.20050934994,431.844395675045,534.816332727603,58973.7124849186,0.0934854233118012,0.000893561277295777,0.0979980191169895,0.120116149454943,0.127688548721968,0.00121571566144332,0.133698911252562,0.164366943103385,0.676094236334242,0.585551455139405,0.660877818590122,0.996888328496854,0.430546624593074,0.272496051997905,0.411172832550442,0.99447762859569,0.504,0.404
"54","MRT",0.686857823593796,0.65765122570642,0.686174293562414,0.73104599168407,0.860893418874903,0.771157081772416,0.857290051793631,1.00970969722246,1.49549970077233,1.24174828919673,1.49166982976051,1.82728223157258,1461.22782096353,1328.49755549064,1453.66845745393,1734.49440642456,0.112601979016065,0.0953569412796416,0.112969158330803,0.123223293250978,0.140085156271916,0.118913188299777,0.140341275624373,0.153253301538344,0.637410447627832,0.602160677502968,0.636101453768167,0.687731296458703,0.346459467982498,0.285503550744772,0.345877241602121,0.423041509318202,0.439,0.356
"55","MYS",0.642566600120437,0.58628228389084,0.631629651076282,0.979824785300809,0.79333946184565,0.606563234276189,0.719867074847043,3.62764300292144,1.45623139058961,0.846163841830032,1.20146035627405,8.5600187343595,6206.2843032745,4056.31564924797,4510.11594236308,83492.4075247242,0.125410915302571,0.00707725352902353,0.129855913451471,0.145874252565544,0.175749396317047,0.00985147560615674,0.181366303061653,0.203929570881489,0.568412065365188,0.500642102530255,0.55495803149588,0.975806117520044,0.297116172419561,0.197851296179608,0.278279811979012,0.96039884377904,0.481,0.3745
"56","NER",0.556814937381251,0.514282731638554,0.54816437659783,0.641549032233338,0.545589104475062,0.453139757695705,0.524783062892805,0.755763890844687,0.955442128014389,0.628471814303965,0.854031143978272,2.03408867263363,502.61308238626,451.439566048507,489.871114723842,614.950368080041,0.168900552107187,0.136593144249995,0.172196705130449,0.184995299440786,0.216701784835262,0.175423469350261,0.220362352120462,0.238419992409203,0.487652768186107,0.437675360855591,0.479236584586572,0.585229418399852,0.223614392691914,0.15600273153966,0.212589715825277,0.373530301863241,0.388,0.3095
"57","NGA",0.513229863831237,0.501904559855615,0.513830566611879,0.530428565570728,0.493824238591886,0.468746497612982,0.494865829527065,0.52949786749364,0.518950708181788,0.48160039781886,0.514349822014621,0.615098948441505,564.380160812366,550.132182449757,563.432979976487,592.355575354839,0.167309482778433,0.160478275613784,0.167153136159515,0.173236366969289,0.260424007557507,0.250007875289406,0.260492585077435,0.267813805178014,0.391257850478715,0.379576389924624,0.391537879694637,0.411376308682941,0.108773049720922,0.096104053090921,0.10766845339387,0.133216820350569,0.45,0.314
"58","NIC",0.784298056063176,0.717521529407675,0.776606715397389,0.937169628044152,1.36569572925306,1.06781145862,1.30391524218555,2.56622093185572,2.49870103986291,1.5034836005895,2.24876529734335,6.7080821641403,2965.85103865856,2071.34909463056,2672.8876740965,9376.3292893289,0.064665566849626,0.0189376234724444,0.0665512142012269,0.0859791432053456,0.110537687524468,0.0321216066620902,0.114315269843356,0.14636478162492,0.722026948356053,0.634703321624704,0.712391723746056,0.91945146602898,0.47425378427683,0.3339417223032,0.454566257246368,0.84786264534426,0.574,0.442
"59","NLD",0.387026594551775,0.374742534140053,0.387977610589449,0.403937089919253,0.259970097800016,0.242725334870532,0.261020265145736,0.286622821864463,0.333408553721942,0.288313368142601,0.33152266229107,0.406807721702111,14680.3310020595,14355.7508066885,14621.1719765351,15140.5633822629,0.254002464796075,0.246177578940468,0.253951344347579,0.259590307636687,0.304546189994312,0.296348195895843,0.304961389118455,0.311128737243977,0.32227443623447,0.30933466623004,0.322023606628707,0.339464901075753,0.0952293159905589,0.0807998158089441,0.0948030904490485,0.117359028783881,NA,NA
"60","NOR",0.308784207760045,0.301673401472411,0.308765452358059,0.317704801295652,0.163442571383835,0.154905548180053,0.163425822666727,0.172816784173413,0.198680412364384,0.178488805209768,0.198290843138138,0.217850871124841,13984.8386591245,13776.902992928,13979.1588932903,14235.4569893366,0.301046069764701,0.295881214525496,0.300710569283874,0.305464104508019,0.331480981844573,0.326933200302667,0.331419868597145,0.336206881636477,0.267081695592192,0.258972909992938,0.266825630920254,0.274782729427082,0.0660205993365888,0.0575823394927211,0.0666726598048465,0.0728519548578857,NA,NA
"61","PAK",0.359207353501268,0.345248057313326,0.357921266348709,0.373240285695875,0.215746822238396,0.197130592618604,0.214123578041238,0.234346236266864,0.294220889578266,0.25529425829887,0.292823701264024,0.328845008422563,859.830499119446,842.751345693938,857.691270337665,882.820327889553,0.274824602318669,0.268279575588623,0.275418025415608,0.280829931326553,0.295008729428343,0.288094696790968,0.295472299053282,0.301300364923823,0.319732995566063,0.304640122709385,0.319009821969396,0.334223231168301,0.0915821044136768,0.0776208149043171,0.0906571139246683,0.102853419483716,NA,NA
"62","PAN",0.741304681373718,0.698391405809785,0.737080022033601,0.882063396063677,1.28481738532428,1.12320052583671,1.24976394541058,2.05658483456286,1.82498827289263,1.25137658899437,1.64029240232352,5.32833125189492,4609.32507845883,3721.49391753429,4395.40196433418,9925.98116886012,0.0706302551521742,0.0320349988482811,0.0726384369145944,0.0831834897864802,0.141071539092896,0.0636582110626301,0.142726825195503,0.166424317791219,0.649713993561012,0.590205639948758,0.644216782713764,0.840689836206636,0.362803275448481,0.266161555400438,0.346945533045137,0.703391179154076,0.58,0.4285
"63","PER",0.642163097687005,0.604254633333184,0.635540956387305,0.70900107754145,0.816993616450831,0.712658039940976,0.798120591285751,1.01754553245912,1.24352986735185,0.895620375560073,1.158905617888,2.28546377938072,2922.33012211853,2635.18566857494,2865.16468286483,3567.77989748245,0.119849560377515,0.0975006457916094,0.121435494050081,0.133732305036346,0.190436539870241,0.154447643545524,0.193422917691889,0.209955539871061,0.55191289177361,0.505849709343119,0.544371778573228,0.63502873110997,0.271426427496799,0.201651146627458,0.260028014008343,0.405284428435596,NA,NA
"64","PHL",0.577356008528849,0.531972565043001,0.569209301607648,0.949499764388349,0.609791464913188,0.481892370956001,0.563040942489841,2.70804924287832,1.12025224943231,0.668627562052888,0.922533098771111,7.90938515697647,1595.17821554618,1261.54309819151,1373.09231517663,11788.375173827,0.157457712421954,0.0187757687571538,0.16027181210669,0.175182326990713,0.205284933042283,0.0244696555066305,0.209558903615049,0.227120689570721,0.505979498052928,0.454370661263682,0.495628725966899,0.941115958992981,0.24021727421053,0.16373018285368,0.220103755385102,0.908892432928105,0.4335,0.3415
"65","POL",0.374204895773924,0.362595245299589,0.374290825492303,0.387257751008453,0.262021105195212,0.244568415204374,0.261843591330545,0.279326089763417,0.2771126952581,0.250500655986112,0.274067237611754,0.324028788996683,2624.29973473279,2565.68809946689,2623.59986840478,2691.08719741524,0.255145320021514,0.248891428972093,0.255014307711318,0.26127320268086,0.330007673197321,0.32209516640076,0.330074441566729,0.336728290172801,0.292442172771461,0.282210126904357,0.29194296066417,0.306816034490504,0.0744486563441305,0.0663456062942616,0.0736452937297785,0.089995422927869,0.267,0.21
"66","PRT",0.452852499859992,0.432198351815825,0.448722022154621,0.504458291894762,0.349989567923323,0.315091946911183,0.341347601041043,0.449640760064305,0.526521549868395,0.410714291423809,0.492652434117436,0.987685149994602,9286.42161300335,8921.58429157463,9222.03733773937,10200.2537471713,0.219515040691315,0.199854900672292,0.220833350460339,0.228356046117402,0.267018652060007,0.242022564879539,0.268765555712751,0.278059656367495,0.385583791982097,0.361487452453541,0.381354512186628,0.444934179603732,0.138595581700202,0.108966194801054,0.135116529404891,0.226215782603595,NA,NA
"67","PRY",0.792927890682601,0.747776749630463,0.792175033020139,0.83784607739217,1.37472660197283,1.17380922475366,1.3674145223785,1.61775098214361,2.32198648841592,1.69780787422198,2.30924718762127,3.25642471301291,7585.79723008928,6102.88122388718,7546.44319932904,9681.96416938872,0.0625484229534826,0.048438516690268,0.0620877697770714,0.0763139451707845,0.103522122000675,0.0818831930088992,0.103267831083321,0.12589166816111,0.7367432113592,0.676479479574896,0.73608512566022,0.792455915546089,0.477058786045219,0.368875902547845,0.47651516120055,0.59201686990842,0.582,0.461
"68","ROU",0.334994372080178,0.322689049162305,0.33323436323579,0.403989654173094,0.190925723777096,0.175657298278369,0.188576317687904,0.297155581038859,0.239453529639832,0.200005541649121,0.224707841084321,0.798392634087933,1308.03922926624,1283.68042623373,1302.54572373123,1461.61856040599,0.282209767798166,0.252295529252887,0.282825341707302,0.288576899308419,0.325044888331646,0.29180136649477,0.325748138343543,0.330231048027245,0.27932771389997,0.268379275092608,0.277711093206925,0.352586709193119,0.0714377940998456,0.0584954358423462,0.0684918224264149,0.161563554426305,0.2685,0.2145
"69","RUS",0.659818949692826,0.614098901089046,0.65843179919345,0.722327490732975,0.812850114154357,0.686623064581427,0.805893562852424,1.00921856871402,1.45261202399883,0.991969712927961,1.45062929308468,2.24220007837298,5833.57090050022,5087.90886760327,5747.37850538173,7060.63979602908,0.120647646802367,0.0986021839313012,0.121445002163562,0.137906782585789,0.168573787682576,0.135795295216684,0.16939831316314,0.191089571952374,0.591975269259696,0.539014506316589,0.591089912257444,0.667679232686323,0.320188485378577,0.235975610757793,0.322612854495405,0.442561725439744,0.484,0.383
"70","SGP",0.563533929522684,0.522169679178141,0.557959628489722,0.651482310437511,0.564300188386948,0.475517969734438,0.548999597738351,0.786953078511713,0.947688107301611,0.626676915262401,0.848933060093475,2.05040332047774,10788.2953312898,9722.95927738565,10603.3109747904,13497.1450286238,0.162655942774749,0.129028518533622,0.164650687753312,0.177836923194871,0.217398119666179,0.173059505765548,0.220354951052334,0.239970131875179,0.486951286979459,0.437200351797793,0.48106225847755,0.587163472462844,0.219276052428582,0.15277871197842,0.208347152243589,0.378433258224957,NA,NA
"71","SLV",0.67913536111504,0.628423554672903,0.67210230483432,0.752201879231411,0.89029959732964,0.739956553210563,0.863261341305567,1.14769397938273,1.59274455826522,1.03089584963592,1.46871607890333,2.87284709837163,3893.12672967238,3295.71457961074,3756.7441477528,5013.61525388873,0.110241995368178,0.0843228231993671,0.112904193863632,0.127157316803976,0.162530442991681,0.125473505317173,0.165423492791428,0.189452636967165,0.607596955526927,0.543719668482211,0.59805359543125,0.695526413490918,0.337980619064075,0.236805690141866,0.321515521917865,0.483738427192777,0.5195,0.401
"72","SVK",0.226219665727226,0.220854415730475,0.226141331059102,0.232084001240976,0.0872452892774167,0.082530226718217,0.0869049033224701,0.0925390477928682,0.0993340902434627,0.0903400259096607,0.0991290801032928,0.107991395036448,5097.43078569967,5048.06667294027,5091.58329592103,5157.44366814566,0.350917947593424,0.347601518029213,0.350931906727019,0.35433050976406,0.359226516355235,0.355787651155942,0.359506751453898,0.362002651768269,0.210757751104268,0.205526962661047,0.210240310564372,0.216723823022973,0.0417546393639676,0.0371564720330883,0.0420027364396431,0.0457002069281848,NA,NA
"73","SVN",0.361989846647974,0.349098766233238,0.361589251943711,0.376146468355551,0.221862447550434,0.204750741075989,0.220824359167032,0.240208932302213,0.299286203932137,0.258367761694259,0.297179540164229,0.349473779201579,7563.51909788166,7394.11765986369,7556.74258651512,7803.98321869915,0.271997303480786,0.264628481880109,0.27217778617684,0.277584057740607,0.302378888316259,0.295220742746358,0.303092618794322,0.310060251484928,0.31517428039933,0.300336203207547,0.315070246459835,0.331490605846026,0.0922438223754446,0.0779458113387635,0.0918690944807409,0.107042843544226,0.292,0.245
"74","SWE",0.28726205155752,0.279935998502328,0.28738229065046,0.294279951827357,0.143840772882673,0.136200556150124,0.143329969849634,0.151937116934525,0.150353756295002,0.139050587009166,0.150422585899686,0.164104182559266,11394.4166131179,11251.5212622868,11393.3210791252,11560.3853177831,0.30751817137348,0.304054929250974,0.307422739001659,0.311722530312916,0.35447637374459,0.351104658438384,0.354488290154795,0.358126437816828,0.233566567304457,0.226152089230658,0.233409276110297,0.239642487355647,0.0470256422164195,0.0431254915498199,0.0468548665905926,0.0532395035611396,NA,NA
"75","SWZ",0.868030188225689,0.783122501056024,0.857620882329401,0.999761373058142,1.96872823273092,1.25988357251276,1.6809489098816,8.61382997892277,3.92278007828428,1.99608880716391,3.38353086623693,9.19570022589464,28423.0372860881,824.995660355343,1273.15273477653,1335212.17857326,0.0393092771512543,4.13106641101914e-05,0.0423827964730546,0.0652521088455583,0.0606492803617086,6.31562328225628e-05,0.0656092710723985,0.0996024722255601,0.835034795974969,0.726686288866318,0.82107528266787,0.999827143560755,0.648694988807089,0.424596542998061,0.623266508410693,0.999622943700979,0.605,0.495
"76","THA",0.60403889632496,0.562365342396261,0.598289230684934,0.691840178516288,0.64706277209419,0.546219020458081,0.630785743293067,0.89311073904682,1.20363543355935,0.824499084654354,1.11875217264151,2.31445003624732,2711.67241232746,2416.20180109688,2646.97648853456,3473.98420518266,0.149147382826663,0.115930199849212,0.151325821441711,0.165590578058254,0.188704041132569,0.146509124238505,0.191765478531469,0.21012268049814,0.542819739278977,0.491555693324407,0.53475650063724,0.644219099869444,0.275655815321277,0.202558135174963,0.265314028531192,0.431204677017703,0.457,0.3675
"77","TUR",0.544225975116246,0.512170731114214,0.542251927814181,0.598013218052898,0.526110325930461,0.460109284967337,0.520889843892398,0.650031179942627,0.846858158444542,0.612141260804165,0.809726097790877,1.4369428808859,3266.15918620859,3030.55130965149,3222.77574652976,3720.63361754525,0.173254661818516,0.152225423341941,0.174164791498439,0.185469103265975,0.227681710499738,0.200757387679544,0.229709150719467,0.244502239506902,0.469637738797757,0.43124590160012,0.467197683958902,0.53124591889978,0.203837472596126,0.151779460224833,0.198399531288179,0.293711234877996,0.413,0.32
"78","TWN",0.366374415395718,0.350872776692011,0.362742090019753,0.489797339050533,0.225980571606972,0.203513568252489,0.219299073376024,0.441329500649506,0.320009420164027,0.248377377291831,0.284658760214735,1.57608348938202,11925.0365294349,11624.5749720619,11842.4027166182,14815.9815960028,0.266016727373803,0.214527279866187,0.267573115219408,0.27341261411353,0.304720581550461,0.245179092019033,0.306681011161359,0.312962429738476,0.311083224956707,0.296273914396155,0.306945431967615,0.445774052848001,0.090941929468758,0.0734012570406373,0.0843658816461006,0.266612059125933,NA,NA
"79","TZA",0.480611498659934,0.450858062567771,0.472003018082304,0.802450411388601,0.400362429114916,0.33830178646936,0.376219318341066,1.35965340871765,0.679340193930704,0.445994180558401,0.550121985564461,5.35310876578025,1055.33022332663,974.493364109355,1014.96041267501,2723.28130472815,0.204874202132947,0.078187922048082,0.208117345833739,0.217404053005751,0.251957779522963,0.0957919839731629,0.256395631870941,0.267350670469706,0.411618084622878,0.378383492134653,0.401628152137377,0.776954553165259,0.160388144364044,0.116201868749327,0.145413077458104,0.680931261263161,0.353,0.271
"80","UGA",0.57563999603526,0.54712637756223,0.569086275533963,0.613200366203267,0.579769099268627,0.514682352024008,0.56405397248335,0.671164225575407,0.99313867212349,0.776818918043288,0.950068989913309,1.36785294746671,646.227531420919,600.105836953991,637.088653325524,717.722338271456,0.162162537231076,0.147166772402007,0.164098187765362,0.173945608832735,0.202471517058209,0.185169084173359,0.20455025281926,0.215423982351361,0.513442629030861,0.482505818995626,0.507044603666976,0.555682276359921,0.24158539157375,0.193243424498055,0.229296517085969,0.306368437209412,0.414,0.335
"81","UKR",0.503660371277537,0.477088924167558,0.501860079882079,0.550824507456899,0.447417732889457,0.397450907222298,0.443331358714652,0.544316839702843,0.671657144959346,0.507093808532713,0.651869473622471,1.0627473389619,3114.78776008887,2932.74468071606,3089.29584815621,3415.66342844303,0.192732560841168,0.173608158243965,0.193541165642938,0.202559340058208,0.248981466291679,0.224788220989402,0.250176671878616,0.264328422338372,0.428343876023506,0.396499796215001,0.426943961340388,0.481577161546362,0.168914642829437,0.128652070395897,0.167242207864776,0.237238494894935,0.326333333333333,0.255
"82","URY",0.497279809207518,0.474982496400639,0.490537982946034,0.764763007641788,0.432338049369354,0.385582060885666,0.414206587961843,1.18550588458244,0.658534501113525,0.472951710709087,0.562012640299704,4.56038171816702,5341.02108626016,5019.24479486245,5202.77064719944,11303.7136679692,0.19081775844146,0.0892007719956883,0.1929151065639,0.20046166072911,0.252129172246707,0.118012209456195,0.255146563846406,0.264343023056992,0.412871110696351,0.384732234019964,0.405900593284511,0.725307643706042,0.152284899737796,0.115493390836188,0.140392548873882,0.600466327779039,NA,NA
"83","USA",0.44069967914035,0.422675600068283,0.441419011183098,0.453068788692207,0.364937685777417,0.334481817003857,0.365170333591247,0.385698473378064,0.391109159765221,0.335288110669799,0.389573737837003,0.470416452692704,18677.9526163216,18063.3348679536,18689.0437763931,19143.9130535129,0.213111446243567,0.207625833473211,0.212656674800993,0.222179450056209,0.300211290175236,0.292383012707555,0.299720606446961,0.310132674557095,0.338726183070299,0.321140834724291,0.338905835639782,0.353908990799374,0.0947030224776646,0.0775270831705289,0.0950930387125155,0.118322567250574,0.392,0.2865
"84","VEN",0.535059520327999,0.504258739379459,0.529703438230048,0.604934366558665,0.516744148767354,0.452930361855705,0.503404622684451,0.676601284164392,0.780342775963424,0.570179141031883,0.705793429981338,1.5609825460592,3441.7398277273,3225.76021962949,3393.16094355836,4045.12694662428,0.173515387491739,0.147641728958656,0.17492807435896,0.186516408917961,0.238475974411637,0.203001928705993,0.240849071974392,0.254493476766548,0.450022186438699,0.415822342981634,0.443550841032656,0.533060288055606,0.184568943204417,0.139643528232344,0.172428830060996,0.309113909914476,0.4515,0.3375
"85","VNM",0.469258241881046,0.439032116164177,0.463229497120295,0.526057920317488,0.374395571603292,0.321731853970856,0.363191890752645,0.4853025979186,0.609249190386942,0.447512546622914,0.574629629500134,1.120758283707,600.603159735997,568.767375086319,592.95094136938,667.344291051899,0.21419450281669,0.191219087889854,0.216047215319187,0.227038684260554,0.25257326152824,0.22593247175255,0.255333469467666,0.267186185500221,0.409905235771142,0.375354261904679,0.404629565841448,0.473235921380765,0.159267725272874,0.120765871697139,0.153687918626218,0.244525011330848,0.357,0.286
"86","ZAF",0.798389546757097,0.734879132908114,0.787469429033044,0.917935029622223,1.37641553395196,1.07900263048687,1.30051723749561,2.25104375302872,2.50334012645901,1.48306176476552,2.2086744610791,6.02775249423596,4749.44064970461,3401.6972718332,4268.13366938003,11017.7964633995,0.0575632843084589,0.0234321167290612,0.060472286478481,0.0755354954982026,0.0958886117011119,0.0387347045317021,0.10087262004624,0.126403148506712,0.738605131857295,0.654216258856783,0.724134385666168,0.892871180254879,0.474501294854903,0.318669325377554,0.44808567454456,0.789869982361878,0.593,0.467
"87","ZMB",0.645248689392777,0.606828686993259,0.643346549667274,0.734804361020022,0.791846547784626,0.690122377842588,0.784488865036542,1.07930971271527,1.11568955189165,0.802680354563103,1.05145335141269,2.67305067605547,718.242413551003,642.658121086346,709.075898457662,943.256645825294,0.111453613640772,0.0834673629662358,0.111672221375354,0.123486310344689,0.180719348615434,0.133972711465812,0.181484101037589,0.200415662925231,0.544083598399301,0.491302451513558,0.542240013206129,0.658698554173925,0.236236368605213,0.166721793099281,0.227308493167389,0.428981883358018,0.5655,0.411
