"","contcod","Gini-MI","Gini-MI-0","Gini-MI-0.5","Gini-MI-1","MLD-MI","MLD-MI-0","MLD-MI-0.5","MLD-MI-1","TheilT-MI","TheilT-MI-0","TheilT-MI-0.5","TheilT-MI-1","Mean-MI","Mean-MI-0","Mean-MI-0.5","Mean-MI-1","Bottom 50%-MI","Bottom 50%-MI-0","Bottom 50%-MI-0.5","Bottom 50%-MI-1","Middle 40%-MI","Middle 40%-MI-0","Middle 40%-MI-0.5","Middle 40%-MI-1","Top 10%-MI","Top 10%-MI-0","Top 10%-MI-0.5","Top 10%-MI-1","Top 1%-MI","Top 1%-MI-0","Top 1%-MI-0.5","Top 1%-MI-1","gini_ref93","t10_ref93"
"1","ARG",0.447493579993993,0.438402203481465,0.447469784544868,0.456403497744304,0.359340720767696,0.343859723716745,0.357874702225424,0.37488851155169,0.362075521056115,0.34351227380434,0.361952073167669,0.384348941927089,4845.47342754314,4727.85387446442,4836.98923064554,5012.70475791118,0.202173998625652,0.197812069445967,0.202354067742289,0.207847480258498,0.292291508381155,0.286644884633956,0.292524584588223,0.296948760885193,0.331972494681092,0.324058016404321,0.332733747754769,0.340923507722922,0.0749081364065957,0.0679736238246603,0.07532414696289,0.0832581444635741,0.464,0.351
"2","AUT",0.316218483853099,0.310498754076085,0.316418994783155,0.323708706503928,0.171432634170528,0.164764881875501,0.17114925654539,0.180194158995888,0.177617601232816,0.168191757837153,0.176560398312928,0.192961245665554,14504.6032102387,14255.4935456954,14510.3498372484,14771.5252986731,0.286606422577561,0.282843365257526,0.286440211077082,0.29010215719697,0.34425203503332,0.340298050284893,0.344199915708282,0.348473467965298,0.247732023767331,0.242084885109099,0.24767491175509,0.254677961299157,0.0492510596567813,0.045619724583085,0.0490276223215211,0.0554011872413359,NA,NA
"3","AZE",0.351043335870022,0.344456215228895,0.351268870929489,0.35943637636577,0.213229024265826,0.204089011482086,0.212890209753875,0.224688854857055,0.223158480990361,0.210463033195056,0.221529243421868,0.246755682985922,1047.82201726311,1026.53670790968,1046.99461164637,1070.15880887789,0.264647593636608,0.260457638301031,0.264424168539446,0.268516436334023,0.331471703307154,0.327015837184789,0.33140222539279,0.336290715622278,0.270498134860726,0.263829355551312,0.270417557831044,0.278648219583639,0.0577269796151898,0.0534751314272407,0.0578426417199551,0.0649938619409121,0.347,0.268
"4","BDI",0.334303771639017,0.325231863633174,0.334537244946227,0.340870615827693,0.18360278831835,0.173099217798254,0.183801928763123,0.190700960978853,0.202035494995805,0.187372638843916,0.202310275676843,0.215846360355862,313.439028982172,307.864948882087,313.358962648016,320.453101772933,0.276058407793905,0.27271430830356,0.275937198924695,0.28141459537216,0.328288151790183,0.323752154883207,0.327817296696055,0.332968993161296,0.265702037124693,0.258735264673874,0.266029452270278,0.27341681575639,0.0552057811049533,0.0502190935322231,0.0554694932270544,0.0605849814240382,0.333,0.266
"5","BEL",0.281920195036157,0.273948628603531,0.281821854604441,0.288633063208579,0.136972464693834,0.129182941295387,0.136848834107165,0.144569553404125,0.14201402454485,0.131248301704492,0.141671304163648,0.153868040478395,12419.493719497,12255.2176052464,12417.3901401839,12600.6040274016,0.309908773763686,0.306153548785263,0.309925722612174,0.313829230914704,0.355888394245186,0.352748707032171,0.355747001317453,0.36063874774127,0.228649289862261,0.220762350669059,0.228846126850136,0.234371360524888,0.0442030355380284,0.0402485150968607,0.043924549242473,0.049241877401617,NA,NA
"6","BFA",0.515199211570136,0.491723504592032,0.507154280779559,0.805466195771221,0.466172131441684,0.412531833249598,0.443197335892355,1.37119049255301,0.728553872615363,0.513595187814105,0.615894264434271,5.16921833366797,506.771283454647,470.604063041174,489.715701830658,1245.21719225951,0.1819690189722,0.0729167577545778,0.184582801148966,0.192058592861656,0.242316737970089,0.0970880352818329,0.246198346777444,0.255320216198977,0.430793049203936,0.400561946703794,0.422390332151202,0.771568673537277,0.165715437460886,0.122898247888502,0.153150232306589,0.662231255313583,0.481,0.395
"7","BGD",0.335590261902185,0.326841839290049,0.335418325626053,0.344293804065891,0.1832117453884,0.173058239899913,0.182510097129831,0.196290089260092,0.224238024576786,0.202678802830778,0.222289398540745,0.264917374365996,503.941509997082,495.349685269906,503.374041398235,512.740090247273,0.28002328864483,0.276123495047455,0.279950337228607,0.284431349562328,0.316633035751864,0.312821856022275,0.316628269851546,0.321372463256046,0.281223938748534,0.272610481578674,0.28101259213607,0.291330993567199,0.0674028691161682,0.0595703385846774,0.0662468748764368,0.0809280147703422,0.3025,0.257
"8","BGR",0.244659242590885,0.238685609926017,0.244540625319266,0.253626328605771,0.100388154083298,0.0956226329957936,0.100358622163449,0.110413800781682,0.106762271664505,0.0996458191998182,0.106404985810168,0.139091306670738,3585.22726812507,3557.08603788107,3585.9245496079,3630.8065963624,0.334604747606437,0.330314182685592,0.334801509170765,0.338345607083575,0.362477448026949,0.358221797991241,0.362236534649159,0.365819020934532,0.210201647331152,0.205627661845358,0.210286871515527,0.218689791362477,0.0384706062419629,0.0355719257400863,0.0384258713087126,0.0460023250404522,0.307,0.247
"9","BOL",0.534106169827418,0.518617145839048,0.532796376567664,0.562294820461526,0.509069058559783,0.477795002944245,0.506846417963077,0.569995562563092,0.655737723105104,0.559056299041125,0.649447553539314,0.965954865152967,2444.07442963056,2348.1265810678,2431.03025685425,2590.54997690639,0.165443369451002,0.155516074042201,0.166040489864399,0.171791687689349,0.239949252294052,0.224014362427361,0.240571178803259,0.249253394734949,0.432357350828414,0.413017256414111,0.430913276761706,0.466024700950325,0.151020468033797,0.125562013931009,0.150586871744601,0.200989925120528,NA,NA
"10","BRA",0.605837878295977,0.590992087984899,0.60622670753558,0.631082011125068,0.718821917487155,0.67875380508067,0.720227023387344,0.786623021783737,0.798102754171877,0.716300660059443,0.801858897673017,1.02351434251766,2640.79941202581,2521.2451730547,2641.50931851751,2852.99630763531,0.120560731766596,0.11243812071698,0.120430815984625,0.126813519120958,0.207915371674255,0.194555806990843,0.208087075701438,0.215428290063263,0.48234304360808,0.464767718238005,0.482805922602399,0.5138453447206,0.162454948610168,0.142134757850263,0.162343580514961,0.213509477506535,0.576333333333333,0.452
"11","CAF",0.617308592207291,0.598821167226944,0.616304086769154,0.637794137277086,0.801757788001322,0.747922623271272,0.800924918772449,0.859838071267386,0.79453660062732,0.70679618406936,0.785616061444149,0.93302518052743,297.54722836361,279.921215676116,296.241381077443,324.32280579751,0.109109050939206,0.102309656080312,0.109110830183146,0.116769180564116,0.206069171371665,0.192678634067378,0.206523854037617,0.217025918520764,0.480616275654346,0.455850609715875,0.479440245630786,0.507232522516915,0.152065423475294,0.12876886910453,0.149331452656115,0.190631907780018,0.613,0.477
"12","CAN",0.316858319966411,0.309871598421312,0.31652897777109,0.322991390567073,0.173178225919999,0.165176892412937,0.172490828960965,0.180193647667122,0.169272735997553,0.16016083995723,0.169091486087803,0.177666669466356,14697.7630297387,14466.0565753029,14678.8313542963,14953.1532250943,0.282688857747531,0.278796704909838,0.282642944297267,0.287338070820038,0.348659254214326,0.345396369570439,0.348699632363435,0.351668535839762,0.239569823974943,0.234463105547911,0.239807392463228,0.244570934911685,0.0420863410252961,0.0395650852305422,0.0420418395289144,0.044933395538593,0.3115,0.236
"13","CHE",0.332055124819362,0.323388461020202,0.332242792237968,0.341608711024188,0.197923923617856,0.188635896919389,0.198111193250773,0.21029882890222,0.19367888298168,0.179480843164901,0.1939967437474,0.206877199011229,17956.8573751729,17780.7357496458,17947.1873677829,18244.8867965056,0.274860641797319,0.27008989625307,0.274995973178891,0.280218259696987,0.346231940266677,0.341821016475556,0.346169791553945,0.350913286416104,0.251209276299321,0.244561971115705,0.25117734168566,0.260067665153242,0.049605148099932,0.0443395124179584,0.0498128900667289,0.0556621086786091,NA,NA
"14","CHL",0.55016404781142,0.529752891950156,0.549545158365119,0.587638126079292,0.535536984398845,0.492511777572608,0.533094833901821,0.620556771049016,0.719386134943537,0.588672144341298,0.711790996024885,1.17611081229653,3749.12673483157,3569.41358982195,3751.53175046541,4048.06781959354,0.15863151759895,0.145312058199393,0.158786525134525,0.166449047094204,0.22839239648331,0.208049016688025,0.22871380331796,0.239516987878209,0.451679048765833,0.425100893235501,0.450144732277924,0.496992030447567,0.164960863589946,0.135029967153124,0.160717119447093,0.228387415612701,0.556,0.4555
"15","CHN",0.387844906618852,0.378914808823193,0.38769713639223,0.395513992971773,0.258592587967328,0.246466399986102,0.258578293875367,0.270556579732161,0.261932457488692,0.246210367674072,0.26155759254082,0.276945387288712,589.496485181727,578.44968891322,589.47441388582,605.269780168415,0.238167945068178,0.234108051758744,0.238387297433103,0.243795949959121,0.316595376457852,0.312160359730183,0.316292188300676,0.32098757855328,0.288958446391127,0.281523012310423,0.288941550617204,0.295269045131841,0.05760220351374,0.0535713184800588,0.0575429248883283,0.0640510063926106,NA,NA
"16","CIV",0.372236762861647,0.36330640149583,0.372321196332319,0.381549450630531,0.232074460786663,0.219941839261282,0.232359133462949,0.246231752530081,0.261209862704151,0.243334505764977,0.259056546237813,0.316310661362347,1045.87929952308,1025.83803887672,1046.12440856148,1069.4648524664,0.253397643463049,0.249441263727035,0.253434935942964,0.258806722399642,0.31482157182849,0.308680468625042,0.314438598744252,0.31946512658084,0.292485572677961,0.284639032439794,0.292940610195464,0.302692532136691,0.0678418639549543,0.0619286555613315,0.0668160423561037,0.0805267628682953,0.4,0.3115
"17","COL",0.518049687863889,0.50149766221291,0.517222965959238,0.554889043272458,0.484975741518316,0.450608748592717,0.483649642441867,0.562537738200023,0.58115688826288,0.503173861195921,0.568793539828913,0.936333565008066,2888.62957387079,2762.02583209083,2880.07925884147,3087.67327152884,0.170475099098501,0.156982593266781,0.170859589920541,0.177375566898496,0.251930387184643,0.233683585388036,0.252693121085063,0.261272995781974,0.409312474641741,0.389188345382847,0.408857351784819,0.455211239397591,0.130971576073414,0.108671066796684,0.130535160556916,0.193617027378191,0.515,0.405
"18","CRI",0.460797634713121,0.44980794286108,0.460737697685239,0.473473650365856,0.40266373897267,0.382531255923612,0.402529851802226,0.425338932127045,0.390681377493609,0.359852844136354,0.388279533713711,0.437343119137428,2895.06392243282,2837.20375785635,2890.83360352284,2998.32246922271,0.193634686138978,0.188285761818898,0.193702200711681,0.199827977926802,0.292357569554046,0.285126745868166,0.292297954907192,0.299851265633826,0.338501486913962,0.3246904315777,0.338568439558228,0.352354907415285,0.0804291265107988,0.0703461109138512,0.0802769779951772,0.0927722417584431,0.4616,0.3416
"19","CZE",0.267040212339792,0.259809980355441,0.266430766845177,0.290322896139698,0.117625576867054,0.110129230102891,0.11684759670093,0.148512356289387,0.142335407436254,0.125436073286762,0.139190523820431,0.282397525913529,5154.80914301991,5099.86998734858,5145.8373552875,5327.65013480827,0.323556258020214,0.313379792593569,0.323864359710641,0.327273323847865,0.342187972057665,0.331726105482236,0.342354201392048,0.346826047703431,0.236713478217257,0.229527670075667,0.236494431250474,0.26085137972401,0.051352392309485,0.0447393127547142,0.0512017532248239,0.0791404850892909,0.266,0.236
"20","DEU",0.301324066885519,0.295576574160998,0.301433307775059,0.307694604974781,0.154952191265255,0.148538975167183,0.154543941231545,0.162788077105302,0.158166979141645,0.149412057487791,0.157441520459116,0.172259601215334,13352.3149210567,13180.7896361338,13342.8291628681,13601.8044709182,0.295417973406303,0.292075279102214,0.295325341393689,0.299053395728289,0.350100247147726,0.346904562307512,0.349975828658464,0.352952141076859,0.236793905273164,0.231969157311174,0.236946041905882,0.241885107981097,0.0445012229405546,0.0406145799572784,0.0444945008799436,0.0486235424508725,0.291333333333333,0.23
"21","DNK",0.25134580577683,0.244967198017333,0.251387514483255,0.256956896803203,0.112327974642222,0.10632938709259,0.112354584297145,0.117551211493561,0.110597678637679,0.103873560962355,0.11111143311712,0.115566728339243,12332.5684671369,12194.7327686881,12332.8083793003,12488.3305386562,0.329431331872283,0.325791153518548,0.329605373103006,0.333782816360664,0.371121018304307,0.369082069227368,0.370865794973058,0.374256741919444,0.207176737974553,0.201771477302925,0.20729679988304,0.210360325793555,0.0368386844085362,0.03407686392096,0.0369383588810864,0.0400682782665846,NA,NA
"22","DOM",0.518560121352433,0.486134012408191,0.51392589428242,0.791722932679659,0.483197434198335,0.415674560983858,0.467496709882226,1.31279272581732,0.704766029145259,0.483586692739741,0.608234869654851,4.82365680097281,2812.05286802286,2591.47098240583,2732.52934734457,6434.94073804866,0.177264444451722,0.076124907729976,0.179366003986577,0.190277878650009,0.247107965776134,0.106812720455039,0.249455201284609,0.264175645180296,0.425300759332048,0.387829106054144,0.41948982558947,0.750604249949191,0.158269450433057,0.112205403797072,0.147603698789524,0.631207741534945,0.514,0.419
"23","ECU",0.542813140040885,0.518297309522409,0.542648277314832,0.572177379776713,0.573241988777226,0.521490170951381,0.569791493810155,0.638972231720963,0.66051551790482,0.540063622506438,0.649624604986196,0.931765650563778,2181.29825886253,2079.03965072083,2186.56263190572,2322.06905070062,0.157124543848002,0.148507099312075,0.157356804626622,0.16728570028558,0.248093025343895,0.233166632464228,0.248007441546433,0.262137799186652,0.428579587868904,0.399264266297588,0.428549855385894,0.468229486929274,0.148422511227598,0.116915019777458,0.147376449944316,0.205799775609067,0.534,0.425
"24","EGY",0.302564275367908,0.292736726771514,0.301201423376931,0.34319066189762,0.151191627017212,0.139864570677103,0.149741150237028,0.20969669107311,0.190491231535345,0.162361112543525,0.184247505664749,0.486603924174451,1177.79108707242,1157.28131257093,1174.99354443399,1251.5884533516,0.301927497909605,0.284423614734081,0.302482323721402,0.306743374672012,0.329332393719881,0.310538036728941,0.330014259559263,0.335444136482493,0.261181308317513,0.250822516047777,0.259909910157014,0.30402244893666,0.0622857909248885,0.0527152539328233,0.0615030008979253,0.114204078277484,0.301,0.26
"25","ESP",0.372089490009473,0.359959966779681,0.372549420070236,0.383287596792306,0.250896323106276,0.236776595057644,0.251540939895497,0.266975855138387,0.248248327698322,0.228628266508563,0.248300786931269,0.268119090228621,8716.66998468304,8553.73427017995,8715.78381901973,8900.96390152525,0.24964087318149,0.244583859455606,0.249486180694929,0.255990726186282,0.330334051094323,0.324442157813968,0.330237687500959,0.336758185267384,0.278091780047828,0.26738546750474,0.27794834129246,0.289335970359172,0.0595287234256522,0.052534167981223,0.0598211043588353,0.0657241017230367,NA,NA
"26","EST",0.396917464577292,0.384830209028552,0.395904343883813,0.467198225264324,0.270232326750792,0.250690176775654,0.268322597668396,0.390734645769649,0.324996433118637,0.279395362318242,0.313606415984087,0.978094918562216,3302.15924356715,3233.2910351896,3295.01392935228,3748.06290078194,0.24123620381138,0.212897021175095,0.241373476279472,0.247647998570573,0.305441448162947,0.269085952539036,0.305723475067705,0.311954883782649,0.315159669220247,0.304364794110933,0.314357793134663,0.394601322948103,0.0839719365663458,0.0705844139965152,0.0830129125263043,0.184396442290486,0.395,0.313
"27","FIN",0.230177144707379,0.225672072592606,0.230313208472074,0.234605519613039,0.0866577126607253,0.0832706131006822,0.0866369294090548,0.0898688105062148,0.0884579200793039,0.0840886731867806,0.0885658098788048,0.0926058298832237,10594.8822734282,10479.3597863794,10593.8347708696,10747.4735587478,0.341421635235108,0.338641909414035,0.34132717883983,0.344391575926157,0.368336636029796,0.36609228544343,0.368360557743508,0.370355137001228,0.196699838892311,0.193341117952871,0.196819146051686,0.199261791148984,0.031152672688997,0.0294420472055357,0.0311599372769633,0.0337547743564152,NA,NA
"28","FRA",0.328546414400203,0.32028091804107,0.328575489203724,0.335782155935853,0.190937583617332,0.180998861116812,0.191052195092711,0.200635774293527,0.189895506354024,0.175902330575526,0.189660482873102,0.200054483614043,13782.9308283861,13595.0212504669,13786.1328750294,14046.8195726038,0.277604113186418,0.273757400032701,0.277497559305395,0.282163567514478,0.345150610506934,0.341523947032865,0.345152620689002,0.349952744813463,0.250910794927082,0.242969249323764,0.250807165931314,0.256616977427563,0.0496008692852938,0.0447242750062484,0.0493827527001916,0.0536873021427526,NA,NA
"29","GBR",0.361747618552515,0.35435826569024,0.361382573717074,0.368051933065306,0.223651694250563,0.215460604376781,0.223286968870356,0.231970073480995,0.226777906456437,0.217921851852616,0.22658811624449,0.240264259754625,11087.9022785739,10938.9714077437,11085.5068867944,11324.7320004156,0.255008204724592,0.251157199991067,0.255085466436804,0.259963510225935,0.327503416701083,0.323663844962378,0.327535641912387,0.331245310242165,0.272122422557934,0.26658818613463,0.271907815998082,0.277869481868737,0.0529253845047033,0.0491604026611178,0.0530258860533476,0.0599733821876922,NA,NA
"30","GIN",0.451668724267259,0.441520688164266,0.452166338394361,0.459303492291776,0.354843045726189,0.339477507888412,0.354910264966237,0.366185800675029,0.382342589430361,0.357171642127738,0.382669280350405,0.402116619978817,501.307615636186,488.482061183768,501.066026733659,516.339380418669,0.202946283058055,0.19936281624295,0.202686486494408,0.207628658907923,0.283994933021949,0.278715103572178,0.283998049315537,0.289994875162748,0.34411156492332,0.332924076252089,0.344752113701399,0.352962562501904,0.083660079674318,0.076851569899312,0.0831779414836666,0.0934376850300188,0.4645,0.3385
"31","GRC",0.327655722011238,0.32033475000528,0.327381175862923,0.334003823626547,0.184028552080277,0.174853262863319,0.18392479916935,0.191820894793808,0.188238188651875,0.176657988393824,0.188330983700124,0.198148166440022,9778.93259185397,9654.13179170253,9773.78389072116,9955.83798515886,0.278201935240143,0.274210102488935,0.278205658896084,0.282794365226905,0.3409352313997,0.336479446011168,0.341212204237313,0.343851538788827,0.252623718868396,0.2465872796847,0.25275467395282,0.257995545234546,0.0493633406844806,0.044003546882754,0.0495055271547445,0.0526364786050373,NA,NA
"32","HND",0.536157770292651,0.517984769162375,0.536082880507413,0.570009094053855,0.521254029181279,0.485396566573651,0.5216512568007,0.594849801571964,0.643281719231184,0.544603449483904,0.626419849001142,1.04778263116708,1481.63678340018,1411.17674272831,1476.57620601045,1590.55059567893,0.161947220459103,0.15082091420082,0.161529988491154,0.168930430191288,0.24172526289706,0.222483618335885,0.241897617822885,0.251756171153979,0.428319045176371,0.405999389000025,0.427390423450666,0.470014031781818,0.14467282471728,0.118276138455537,0.141450952546644,0.213007494042596,0.5354,0.4246
"33","HUN",0.280022855390101,0.27329052445957,0.279318962837568,0.309438129275953,0.131822273422885,0.124705760617288,0.130509166966443,0.172047695659146,0.156930417705418,0.139095097789827,0.150809306091806,0.347126286675507,4179.0210785256,4129.46888035843,4170.3172154364,4362.33678210426,0.315574616584229,0.302691992884866,0.315767182004838,0.319436598386852,0.343231243360848,0.329751032319133,0.343686614964798,0.347624069016093,0.242069147287472,0.234445415800214,0.241109695889871,0.272805569163403,0.053809586858237,0.0472238762210503,0.0522977140809575,0.0897859729922894,0.279,0.242
"34","IDN",0.294143944293898,0.287178394521639,0.294623101067347,0.301738833092294,0.141477734698212,0.134805735244549,0.142273471640436,0.148712638101658,0.165886087245193,0.152628719743517,0.166982908636044,0.177551383493993,523.777103331358,515.961918858499,523.598797280589,533.509662262205,0.304969112557743,0.300630318713584,0.304916762890721,0.308880952062911,0.335789342679956,0.331491084242573,0.335726875372047,0.340019105744015,0.249902103403811,0.24361537253641,0.250491903382408,0.256187187924851,0.0544126475097224,0.0490290533081166,0.0545780627077113,0.0593820239517991,0.32,0.27
"35","IND",0.308484050731993,0.300786962868993,0.309061311986077,0.316064557948116,0.156096134861119,0.146831293575869,0.156907748819777,0.163911771629758,0.184574297363025,0.165707467425417,0.183836893924175,0.20252170205995,560.875375301595,552.699606882427,560.826090977524,569.153163679674,0.296226534250451,0.291848616022389,0.295908490917882,0.300093930459356,0.331052291493113,0.327222535570306,0.330843475411169,0.33529194311804,0.259477523587792,0.251432445826521,0.259976211901954,0.265688307400673,0.058565331836056,0.0512410907399736,0.0583556332486035,0.0651597173660853,0.317,0.267
"36","IRL",0.32423863845056,0.317049161895929,0.324657303183234,0.328927502116531,0.19855686933321,0.189741926354236,0.198569254737768,0.205845843316499,0.179293538592727,0.170681281714065,0.179761348094639,0.187100593479549,6272.15803148943,6189.05560806746,6271.75124629932,6352.5145953335,0.277046518133592,0.273362035888835,0.276832226410114,0.281395507712714,0.35801429169119,0.354136085967312,0.35802785397041,0.36272460260518,0.237370068666863,0.231407726803518,0.237307252904351,0.243352602967797,0.0425906216678684,0.039429853458365,0.042320189913065,0.0470171723706429,NA,NA
"37","ISR",0.355558053414584,0.349258693560839,0.356060832722049,0.363611508143082,0.213725409823126,0.205575339963476,0.214177421890774,0.224085279765653,0.217876522085552,0.206890621412646,0.21829350276136,0.234809552618615,7501.96031118874,7398.24117194392,7497.55321084707,7655.13023912005,0.258753459072401,0.254839232073449,0.258640965818088,0.262841917302176,0.328517727743128,0.324749397318419,0.328257863889257,0.33272202994105,0.268313284940959,0.26167691069256,0.268877653187291,0.276879888761108,0.0510961605875746,0.0457809007532907,0.0509918838328125,0.0571538959637494,0.355,0.269
"38","ITA",0.312273180992425,0.305929851665463,0.311923195366931,0.318139957194829,0.168249168174371,0.16132059999873,0.167820181497432,0.17532036596895,0.16481975431231,0.15719213369565,0.164492985198774,0.173531957861591,9414.28514766129,9289.86668460741,9411.48205168233,9555.94140025248,0.286004865983687,0.282367915215253,0.28582048778808,0.290283014351842,0.350155482669232,0.347359308436292,0.350166560075624,0.353025805874918,0.237430313135251,0.233252346435886,0.237507725766685,0.241898440852086,0.0418629581415051,0.0397000444903151,0.0419107230780606,0.0466121441650912,NA,NA
"39","JOR",0.434266859104891,0.422188624082807,0.434525659907534,0.450639768788157,0.317321072930897,0.29859135291378,0.317627824095481,0.345284607883124,0.394865119253342,0.348861723740444,0.392640916310953,0.494816684235155,2095.34268543181,2037.66116697553,2093.73459552746,2183.28093932442,0.220698236342941,0.2129088634972,0.2207010589563,0.225922437728352,0.282485424163003,0.273973499194672,0.282777835351292,0.289307130397043,0.349652411199198,0.335286608727489,0.349751872554303,0.368465785389878,0.100297502190045,0.0861896629777248,0.100887421521942,0.118093168884177,0.434,0.35
"40","JPN",0.249451237403216,0.244395314875864,0.249804831511907,0.255219379634445,0.099795564207211,0.0959911004134558,0.0998678956697537,0.104671195755026,0.10944576893569,0.103441447789078,0.109311351205287,0.11614354694395,14616.4151058582,14482.9313819634,14612.7699365109,14781.5641299064,0.330656692307555,0.327647605937544,0.330462627098972,0.334161494322832,0.353021802877263,0.349993742809284,0.35286464850661,0.356484143419818,0.216110517954059,0.211348369990379,0.216540525610689,0.220881833392522,0.0385945998441971,0.035324060858861,0.0384683151337889,0.0410534752585522,NA,NA
"41","KEN",0.579267626634904,0.53898741752119,0.572397698886955,0.906075884224554,0.628451366825412,0.524587085759874,0.597551875555367,2.11089118881235,0.962558431526985,0.622076253194749,0.81440643880915,6.823262265225,1193.29126288409,1031.26253939065,1108.32213836514,5095.76490630409,0.147229176749425,0.0325876446377092,0.149620275973628,0.162258737057061,0.216945821387521,0.048362176038987,0.220721565743955,0.238100502254235,0.484452866684938,0.435914338530624,0.475207080035869,0.884654941384687,0.20533599806905,0.139064551349673,0.189967957865402,0.820020439458729,0.503,0.4065
"42","KGZ",0.538488335008646,0.523608448860912,0.539038171210893,0.553990920912798,0.59530472210097,0.566873776166104,0.597520284860154,0.629009348668361,0.573673903426184,0.513224337994005,0.569732297670561,0.739794402460074,2077.72747647369,2001.7309136179,2076.97322023652,2173.19690387782,0.14978447172417,0.144071660869141,0.149785976398625,0.155729122536239,0.25608596535458,0.245576652144606,0.256199962149314,0.265950935189862,0.403555213580772,0.383957312322611,0.40401176635857,0.423051802008884,0.114978175105998,0.0980447786810527,0.114247069282269,0.145073412265984,NA,NA
"43","KHM",0.3862730751735,0.368483890543068,0.381013010753107,0.553586454344524,0.249061974158661,0.221180381525184,0.240027111058825,0.564071979262309,0.378916061132188,0.27937251665176,0.33334125091758,2.17125871667985,685.845521998329,663.907518455453,679.778383854223,945.347270706029,0.25586679260098,0.185762003711429,0.257634998457389,0.263800768633555,0.289069285747308,0.210256513091683,0.291134024870552,0.29866629822682,0.333180455221646,0.313142277371767,0.328069493252979,0.514628653743819,0.104495392039449,0.0807607686644403,0.0971120715283037,0.34371393010646,NA,NA
"44","KOR",0.317189395505535,0.310589654177892,0.316941686579347,0.324624115012344,0.17749489564411,0.16997214908542,0.177195140871641,0.186152804245115,0.175282107463194,0.163528474632022,0.174786008268938,0.189121348345583,9818.11383298359,9688.10881097025,9821.69752763013,9957.00138043775,0.284541823139338,0.279723209227085,0.284507188558172,0.288618778204389,0.349582639897716,0.345838856369592,0.349403301206098,0.352850794978307,0.242951925868097,0.236371687305148,0.24290676075703,0.249205376844673,0.0464348296930319,0.0416166046613637,0.0461758396363206,0.0524558474253186,NA,NA
"45","LAO",0.305387347839895,0.295989670872562,0.305433848205073,0.312218693974985,0.151683723660932,0.141601134324092,0.151551775854569,0.160532335953505,0.17984674944926,0.162460333330234,0.176929682311077,0.202947912726828,521.109338809222,511.818291672626,520.70481187341,529.058793218189,0.297831025348491,0.294307336138588,0.297894920882363,0.302818036192589,0.330192875454879,0.326107233467035,0.330079064794667,0.334686399867794,0.258004549285889,0.249812770384152,0.257773240184335,0.266875782588796,0.0572310429767815,0.0516495601913427,0.056506164950287,0.0660916012578931,0.343,0.281
"46","LKA",0.355907249107952,0.347715023746369,0.355682122703864,0.365166050342839,0.206860858077461,0.196134112995085,0.206386096713444,0.22084934603207,0.250448210674394,0.22807836392986,0.2480885207383,0.299361279973515,998.821147727217,979.834142378008,999.784741158963,1021.88782241466,0.26668397339798,0.262030363533214,0.266445403387835,0.27054461393151,0.311485899885262,0.306662587610907,0.311392383905403,0.315998829314204,0.292210162355427,0.283490845200255,0.292337949086319,0.302887374305166,0.0711052842898899,0.0632283830891911,0.0704065147118951,0.0845290588968157,0.354,0.29
"47","LTU",0.336918245395253,0.326433442757128,0.334586393162615,0.408417779891461,0.194881418394037,0.181017308607324,0.191341275573486,0.304170209305624,0.23980151078277,0.202759943403068,0.224534963944802,0.790936144947374,1502.46974117375,1476.22585539693,1495.24720893306,1688.32438407767,0.280609525476985,0.249130829073242,0.281572245835105,0.286125031701009,0.326924710043055,0.292131180161643,0.32794628411481,0.332050953713711,0.278520744505446,0.269359084501699,0.2763282765206,0.354115087335642,0.0707899741495198,0.0600872319157366,0.0683315693008269,0.161572313889043,0.336,0.28
"48","LUX",0.26981425180048,0.264918913225648,0.269859416111669,0.274521886180979,0.118913866476523,0.114673847313915,0.11862601096867,0.12326764605714,0.122831085146678,0.116811786223074,0.122839589061641,0.128508960384103,18165.086150725,17994.604828096,18169.9476518175,18413.2567658013,0.315038525783788,0.311992079635562,0.314694709900437,0.318269524655461,0.3554889123445,0.353240202168336,0.355655256209499,0.358168539591834,0.219073414731194,0.214584097380111,0.219120991617396,0.222917086442457,0.0370438456740424,0.0349250179958128,0.037179335818566,0.039130563316853,NA,NA
"49","LVA",0.271526281250381,0.266193223056799,0.271376559748122,0.277023023784925,0.119273628568836,0.114588108605759,0.119363005196157,0.125009749433537,0.125016200619914,0.119053842111312,0.124898141721575,0.132666904280372,2357.55808613549,2337.73915185432,2356.98152201447,2392.75192417306,0.314218700811937,0.311050299066127,0.314216836726173,0.317597313887368,0.352440479936433,0.349656491536293,0.352579428608181,0.356828822587872,0.221883671194129,0.216758160846158,0.221772131812997,0.227036926017528,0.0379044333416081,0.035643617121365,0.0377152875422933,0.0410019171906546,0.29,0.236
"50","MAR",0.391514714435637,0.381035733382268,0.39169159588381,0.400281912074654,0.257734818597649,0.244112578751104,0.25778080087978,0.270827956895144,0.276547518302137,0.254216314984794,0.276157506172723,0.294709847919844,1858.52774952224,1821.98373627625,1854.99501242709,1909.93221304218,0.238804659948833,0.234189939467688,0.238608169429183,0.24396709236632,0.308898186112552,0.305281713798187,0.308974740240964,0.314324170673105,0.299749773728496,0.288913162250768,0.299727272927064,0.309323317838859,0.0648091716268302,0.05755410150981,0.0646284028661034,0.0702330226432019,NA,NA
"51","MDG",0.460589396958224,0.444331017120746,0.4608879476984,0.479209351718821,0.366427527030023,0.338728053053834,0.367908563328811,0.399746294230279,0.453063930775144,0.386909228414279,0.450522304790371,0.576600932928649,437.264560966235,420.93182667523,437.923463363232,453.932098484187,0.205371102825569,0.197908101579856,0.205286986529753,0.211526876206351,0.274768592625834,0.263990181010124,0.274709563852652,0.283578365744569,0.368337636623068,0.348559765843056,0.368244191221244,0.393467688089996,0.111538081796112,0.0918369808076,0.109743768209202,0.144939644709006,0.453,0.37
"52","MEX",0.547291861458926,0.528761309835642,0.547503982989828,0.588717884482478,0.548633313573965,0.508939912794082,0.549355824330716,0.641933131059274,0.676941660589273,0.571015399494079,0.662923821303714,1.17616967583026,3528.30575501531,3342.04903479712,3523.57379089515,3871.60129769528,0.155683778760259,0.142202871589084,0.155320957701473,0.162748281552473,0.236693599143165,0.21327925231059,0.237368752677628,0.246748301321046,0.437478312680422,0.414086818772754,0.436048382537181,0.489132243719917,0.150247340484618,0.121747934938417,0.146911658543686,0.233201784152876,0.4995,0.3915
"53","MLI",0.508659956958192,0.492008571618845,0.505536914841326,0.527736011035707,0.456107862149173,0.425202153845434,0.449137758513275,0.494624953403302,0.58158693992247,0.506413182632207,0.559309567870177,0.782786222802406,287.851624047446,277.467468871782,286.164262061994,299.840561816717,0.17922721021087,0.171962886974057,0.180267341287254,0.185818053878158,0.252313338890506,0.24107032198947,0.253480579085713,0.262095186053436,0.410008079558582,0.39055240550095,0.405982758648267,0.43344827791553,0.137123692246934,0.118416410309541,0.134232211905763,0.170512409503205,0.504,0.404
"54","MRT",0.506270015968682,0.472419468211637,0.496568637111052,0.832208744865707,0.447729184726071,0.375550754967175,0.419425373249379,1.51713504344381,0.750011682649888,0.488000871975426,0.617748454668498,5.71541165232452,887.893935991067,811.066762034303,847.686970054157,2551.43876955611,0.189982877265895,0.0646875906957333,0.193600611181016,0.203568099815954,0.241856783195257,0.0819651771476987,0.246500920161173,0.25889809064292,0.431231440318801,0.393236348378646,0.421522380492942,0.806954617338413,0.172396341083077,0.12218155741612,0.157472698171863,0.71820685073141,0.439,0.356
"55","MYS",0.477673988109331,0.467430540476401,0.477190313475733,0.491705746499148,0.397669929044809,0.380858374376901,0.396243239810447,0.423453839652714,0.447923785374993,0.4216258207458,0.444909769537618,0.501637321251928,3040.41199547612,2964.47340430973,3030.84713166376,3138.94110502037,0.19014450120787,0.183174403362993,0.190333130857387,0.195985654722287,0.269284488400773,0.26133274798491,0.269463640077338,0.274786619226766,0.370328847248499,0.360275628708391,0.369880597433388,0.382931565075407,0.0994323084640326,0.0909075751318351,0.0984086587940184,0.114475940606009,0.481,0.3745
"56","NER",0.417563267900757,0.40490097612314,0.417923179594341,0.431069324249567,0.294896225980797,0.275323767260219,0.295016272361553,0.31717952859017,0.345077515266924,0.298517157418054,0.342385508118998,0.444884592836513,366.592111575768,356.239967546884,366.835033449561,374.390736633028,0.227399271013127,0.222301629013466,0.227312679587651,0.232927129762659,0.29426479436662,0.285825533233349,0.294281195357803,0.300742677600006,0.328720044261896,0.312536674331593,0.329035694744125,0.344019518502775,0.0856286562767929,0.0687519167362426,0.0851704156005561,0.104968786064437,0.388,0.3095
"57","NGA",0.452985476556043,0.444061776615788,0.452604883273383,0.462275410254217,0.395940277655335,0.378956531653419,0.395279244013357,0.4109250336915,0.352608185675575,0.335266738477993,0.352012540745501,0.371247798485084,482.700040536921,474.781054496574,482.211021174659,491.129757604486,0.192005462043116,0.18701584124653,0.192163601413551,0.197113255089938,0.299778829947543,0.293210788931233,0.300299802632983,0.305410542934253,0.318610181666645,0.311458897541909,0.318214671040959,0.327237517502783,0.061605471904878,0.0567278023244585,0.0613868183335517,0.0665240216343112,0.45,0.314
"58","NIC",0.570740431599663,0.555278735385043,0.569347695717513,0.590410134526325,0.648836466764876,0.615859859898992,0.647041750461467,0.6994458709418,0.660566666473948,0.591497338743106,0.650674697142519,0.826796821337638,1285.23754713202,1239.98069693428,1280.68777836007,1335.61778688602,0.134408937300001,0.127853333816719,0.134517747408768,0.140502332167665,0.231957241123128,0.221507406450341,0.232053377047555,0.241931577676972,0.43863088182051,0.41737435226399,0.437162851658476,0.462713890675912,0.131336622279192,0.115514435609463,0.129549411169073,0.17074099289474,0.574,0.442
"59","NLD",0.318390128749565,0.312810411758976,0.31825145585524,0.325780965887997,0.17264590078644,0.165770896459084,0.172521716288147,0.181925258750354,0.179552257395793,0.169366195855547,0.179012356922683,0.196483707500646,12907.7050602451,12659.2310290368,12904.5188353528,13167.4964644456,0.284985360163632,0.280903479510981,0.284729387769145,0.288802027717785,0.342663664237913,0.338926043961414,0.342531434497019,0.346346269159383,0.249113440544623,0.243016707888037,0.248983761615002,0.255894277834824,0.0492988709168756,0.0457969531958828,0.0490378621191812,0.0558945179662431,NA,NA
"60","NOR",0.25905744954483,0.251790898916332,0.259147082684317,0.269439503639569,0.112742286196825,0.10648194656594,0.112916645306574,0.125109044217815,0.119657486917271,0.110735486461317,0.119456181511053,0.160534259735607,12833.991029502,12687.0469380558,12821.5448186616,13054.1129995302,0.324932473563175,0.319778921192784,0.324713874256142,0.329068634193301,0.358901706284595,0.354181787318516,0.358732363416595,0.362993262789113,0.217698831956185,0.21184771320171,0.217768863220513,0.227661569276865,0.0406368457766185,0.0371169310292538,0.0407663724789712,0.0511573001033608,NA,NA
"61","PAK",0.289286168733389,0.280874102114474,0.289152757199955,0.320411251022583,0.137091310676966,0.128701967739813,0.136306701128161,0.179133097137876,0.168455682251024,0.150048360355858,0.164431077796562,0.358912279422014,759.028363417826,747.456435901084,757.928820269942,796.39437392647,0.309388873893953,0.294982405902719,0.3094970594073,0.314398720826392,0.333402766082866,0.319604622458314,0.333352066292642,0.337263886802145,0.251421062765941,0.244956279932601,0.250959447906893,0.282595034260602,0.0567516536446318,0.0498647307414689,0.0562687764280281,0.0923809041874843,NA,NA
"62","PAN",0.581424745388924,0.567914022300228,0.580984152387513,0.595334638844327,0.798129578117092,0.762036683339339,0.796336617816248,0.835828283857549,0.656578178899861,0.599626409610993,0.652903258090906,0.802880706500363,2577.50057356224,2503.16589922434,2573.14743948205,2751.12733287939,0.11876250213778,0.114057641998178,0.119003029968498,0.124228634330211,0.239146773476122,0.229701631109688,0.23903152174614,0.248010760741069,0.425523770470458,0.410092532484312,0.425435729875375,0.445923904543004,0.118162120428175,0.100251523699585,0.117021563721512,0.152233516716455,0.58,0.4285
"63","PER",0.49727602511028,0.484091228521683,0.49687107407458,0.509937571023316,0.490448034435822,0.463236726654316,0.489186998616544,0.512736697884883,0.475360975107997,0.435110719617627,0.473925989724371,0.525215092832695,1963.37093631328,1906.13625256194,1961.8806061469,2037.96015398137,0.173213152087,0.168537858408236,0.173095748935607,0.18020750697302,0.277230385155955,0.268516276221802,0.277263535349472,0.285483349592071,0.368818018954695,0.35578232844822,0.36778624875366,0.386982645772485,0.0981777077250104,0.0873500705772822,0.0973429645681912,0.11501602425515,NA,NA
"64","PHL",0.431409693489877,0.421316433062316,0.430822113866806,0.441178659299442,0.313112485446557,0.297268259435463,0.312558682133971,0.327983746387485,0.360499176720765,0.336068279920941,0.35596126985694,0.397552358278583,1002.93215225439,978.984466930784,1001.62280962494,1036.31069617128,0.21823876518188,0.212911934945141,0.218333497049173,0.223835003411488,0.28676727257533,0.281616874697137,0.286574577707362,0.291904164647943,0.337973414717246,0.328707922262403,0.337025050178552,0.348384652861316,0.0857646628230494,0.0785349483244103,0.0851100350340145,0.0997076648114003,0.4335,0.3415
"65","POL",0.323577374775285,0.315489251085783,0.324054883305898,0.330709417639935,0.202697444939887,0.191967845036901,0.202948971625994,0.211710852876629,0.181988076384801,0.172065154194031,0.182260203908104,0.190901129916799,2372.58631475229,2338.13675139854,2373.82968087427,2400.02962339593,0.278484635143573,0.273872114336003,0.278178578591145,0.284798264754483,0.3608350137719,0.357752831939896,0.360806286412331,0.364195306195387,0.237987334205911,0.233470617719814,0.23805370147834,0.24249896665416,0.044985341772243,0.0415137802976625,0.0450445552328282,0.0492710595221032,0.267,0.21
"66","PRT",0.357896371682446,0.348788082489061,0.357928477965294,0.369260218157266,0.213569770737272,0.201582959760046,0.213419570771009,0.229670301513671,0.240574172737686,0.220262282793633,0.239397768444534,0.283437978434199,7693.0394811352,7557.4406270249,7692.10035872782,7834.51713633138,0.262483444264803,0.25743539767312,0.262376746659247,0.267856236956813,0.319967286971547,0.314970251484515,0.319907128293181,0.325438464889413,0.283294118138396,0.273876130996486,0.282824662376896,0.295958046735173,0.0645311040662677,0.0579753803578974,0.064156716882254,0.0762864602844735,NA,NA
"67","PRY",0.582794804560001,0.562985228666803,0.581120785810421,0.610314915272021,0.677503653046436,0.626350495580542,0.672783420570503,0.742232413614782,0.756221519328676,0.642916204982669,0.733993716702208,1.00712524461993,3415.36767915076,3240.02774614578,3405.01178590095,3682.09362659331,0.133097849932463,0.123267669445854,0.133246405037192,0.142463061645656,0.225791621820762,0.20984717937668,0.225496504283475,0.237810001672757,0.459876668941405,0.434431038569091,0.458220722371778,0.496399423653118,0.160064709539088,0.130128972319262,0.155938290479537,0.209625709326249,0.582,0.461
"68","ROU",0.283246286803543,0.277324987621544,0.283118180754736,0.28900205928402,0.134488527661015,0.128284712782087,0.134135089517856,0.140131271257381,0.138465572168212,0.131096582566424,0.138282914880417,0.146248704356779,1190.54323334831,1176.77680533392,1189.83596228923,1210.7174366661,0.307149189325982,0.303528703103597,0.307135223820854,0.311046719374198,0.353876014564759,0.350891677948654,0.354069082759245,0.356342651768318,0.227102858469513,0.222854522942599,0.227066197680524,0.231658265554573,0.0410715122205213,0.0382732111770711,0.0413058503181112,0.043806010318106,0.2685,0.2145
"69","RUS",0.484518485375973,0.464688638403976,0.484783232796989,0.515178934495516,0.424801787165375,0.387851730781926,0.425073455303569,0.483247068238673,0.509742281366623,0.416773567181849,0.493909169926884,0.740962899814655,3629.34673127756,3485.04160240786,3636.13710703982,3833.92781985831,0.190601387121177,0.179247137328021,0.190622832943078,0.198304397443959,0.270462442395011,0.255386174691569,0.270121716828832,0.280549258242672,0.382676638145016,0.358140330551869,0.382889250369632,0.42112834385784,0.121049126661714,0.0941128859802351,0.117133324085169,0.166262067681047,0.484,0.383
"70","SGP",0.428218207501765,0.415068787443021,0.427545177827367,0.440600065105874,0.312015770881438,0.293493369024442,0.310580473201046,0.330957814384148,0.343428721476789,0.310658825636721,0.339989635093254,0.384568444086435,7894.2371925583,7698.98382996766,7883.16079129925,8210.15659337969,0.217915045699436,0.211470669875694,0.217905835018765,0.224260686517416,0.291975490665018,0.285503330819219,0.292310839196289,0.299298572092794,0.329483809330332,0.315485913042544,0.32894920019486,0.340736024242139,0.0787496059732578,0.0690934071990349,0.0782665488518502,0.0899058620047218,NA,NA
"71","SLV",0.49792989777378,0.485360588200741,0.498778676185445,0.509942306496729,0.463960708925033,0.437763885965538,0.46545779995113,0.489591608067202,0.516445475159644,0.471485026060961,0.511580973021341,0.627489333479997,2325.42463841211,2263.66962478535,2328.72691547054,2405.65911496114,0.180009172948824,0.17471105075023,0.17950534843653,0.186731181077872,0.268767251852598,0.262746060471182,0.268915554077283,0.275593395114118,0.386237174941323,0.371610584875656,0.387364350643831,0.401614673229673,0.117485802235232,0.104016465288314,0.115201453862481,0.144112066667487,0.5195,0.401
"72","SVK",0.1954615830609,0.190470972022867,0.195348684811003,0.200227869391151,0.0635924175749715,0.0605429856339523,0.0632847709005054,0.0678675240800093,0.0660029276537942,0.0621042504555022,0.0656321533891211,0.0764518277777026,4848.74926192241,4811.23676606105,4847.48982677428,4892.03630782752,0.366629943353562,0.364057469725101,0.366653109913806,0.369708661291059,0.375760565187543,0.373464142815162,0.375690006005227,0.378250694204143,0.182505653097878,0.179037712869544,0.18239689300301,0.186800825153328,0.0293903484195108,0.0273684984658943,0.0293383645175187,0.03247855534571,NA,NA
"73","SVN",0.292345342284945,0.283532964907737,0.292905244605656,0.298380339660195,0.140701357094706,0.131711420348254,0.141689323701302,0.147761654785074,0.159639377392537,0.143758993975883,0.160519811748327,0.177765038101168,6678.34669255812,6571.24106305639,6684.64933774302,6760.42012327485,0.305096146498333,0.301403981940814,0.3048010809717,0.310222853069504,0.340606889099275,0.337644570202866,0.340715478816764,0.344932239643248,0.244636740138962,0.235902333861709,0.244837152961825,0.251782610333638,0.0514298664377834,0.0450486083080464,0.0515994772437377,0.0594641059320718,0.292,0.245
"74","SWE",0.255474458103694,0.25018640884578,0.255734200072689,0.25934696341096,0.113838719089543,0.108972017153607,0.114256529695979,0.118056461099179,0.107944936568117,0.103422042888467,0.108234111310275,0.112998863001063,10739.5547082885,10639.8383248661,10739.3777744285,10869.7124653987,0.322898430291682,0.320591670628498,0.32272692920448,0.326892192147563,0.372168957822,0.36947184216052,0.372014645398018,0.375470155444178,0.20177990238626,0.196746240590585,0.202052823017963,0.204511769982029,0.0313718916797701,0.0297286831143718,0.0314121481054738,0.0334161590603238,NA,NA
"75","SWZ",0.604276034025962,0.578017486536877,0.605325415140047,0.654991701621221,0.68831713005139,0.624058731760013,0.691025391827273,0.821436121723663,0.902746665374175,0.702690891834235,0.878982728050713,1.64985534519324,414.340515903596,383.293652056669,412.654968466801,473.317414048082,0.129234542316536,0.113229649243662,0.12856277225672,0.138493300799798,0.205909437982018,0.178048458119454,0.205564473766871,0.220534822355506,0.497598963568626,0.463246008772787,0.496840820624834,0.561810611091455,0.197338510999987,0.148371744890131,0.194204295035623,0.30487685085062,0.605,0.495
"76","THA",0.436730230798967,0.422607223830701,0.436186157967782,0.45368497717766,0.317678324506105,0.295499241470145,0.316429675102437,0.344468415515288,0.393115631858365,0.341129542047305,0.392662133421951,0.461258164982077,1815.50961046925,1772.38226621331,1810.47219005822,1889.51910735558,0.21849847028561,0.211270381810301,0.218805231946749,0.223821883458342,0.279150122741851,0.269980452807688,0.279268347956977,0.286095255558907,0.351175114939188,0.332359934406283,0.350443409629984,0.369649037258564,0.0977329012979128,0.0804702865046673,0.0981243422149233,0.114515973385053,0.457,0.3675
"77","TUR",0.416701466580194,0.405879422381026,0.416870469011519,0.431460338705446,0.300170367169755,0.28518922542382,0.300621180553695,0.32418881920167,0.338511053767627,0.308407003048603,0.336517740449603,0.422469028563945,2455.02959439717,2397.23086339323,2454.57315138569,2521.9683161695,0.226730348663248,0.220580053990951,0.226817981539319,0.232248835771301,0.299592892914528,0.292435650115833,0.299454135428529,0.305922314337944,0.323623922824366,0.313264414729522,0.322828378104301,0.340715367925149,0.0829301721014205,0.072264166074304,0.0817416420376175,0.102715210218098,0.413,0.32
"78","TWN",0.299409708837142,0.292718401237765,0.299562851964571,0.305717663131753,0.145524789401035,0.139354750335165,0.145399845863109,0.151807968647295,0.15714559950417,0.149924497368245,0.156766368029952,0.166285849374105,10557.5205207685,10442.8147243336,10550.9420272185,10730.2652291172,0.297417870626396,0.293333427043038,0.297187364175164,0.301434616687742,0.340740169141749,0.337538678954051,0.340660874173005,0.344020173313141,0.242088772201813,0.237622907587107,0.241907519693005,0.247613719733477,0.0456817495605854,0.042639016908952,0.0454240541348204,0.0509213094949166,NA,NA
"79","TZA",0.374295468345296,0.365664985026802,0.374463841588212,0.38299405524907,0.23246945935128,0.220970325161514,0.232300567136827,0.244348777817217,0.263347680086252,0.238897519784769,0.262714300411685,0.28937502451941,831.32216818242,821.025089473489,830.920900893756,852.556192658349,0.252225484835216,0.247579864091195,0.252119426203771,0.257081347022856,0.31187072406296,0.306457089925964,0.311747624551542,0.318639240669892,0.295097890886265,0.284238420522145,0.294991687644915,0.304011261230481,0.0680870540068794,0.0584837243166088,0.0675100670253025,0.076038161590028,0.353,0.271
"80","UGA",0.429525106172496,0.412512162464145,0.425326457923162,0.607050195864716,0.321021469297303,0.29296655527176,0.311641670749557,0.690606293151262,0.446583645625136,0.348169062379233,0.391400823856706,2.58671892403328,460.366256415571,444.875276774174,455.857361946985,667.715791414147,0.227018902230673,0.156787450835982,0.22834389594038,0.235510280757891,0.28772734469825,0.198011347162372,0.290156445426133,0.297490152116327,0.350936457803666,0.333247452136803,0.34568190901413,0.554170830553112,0.11195770898979,0.0915591888379202,0.104598817682938,0.386971727754368,0.414,0.335
"81","UKR",0.394026097197398,0.382622377324498,0.393769404144002,0.408002045005155,0.268448378307425,0.25236460320831,0.267999363405086,0.289573330493838,0.295393503692549,0.267810974238626,0.291225237108852,0.358365224259448,2466.32841514204,2417.28285328277,2465.98424518241,2509.14763260933,0.239645531543405,0.233897135329466,0.239848936620803,0.245257523684354,0.310944717772696,0.304747526046786,0.311236970626848,0.317450202937065,0.304783332440323,0.293086172354273,0.304477347058773,0.321569979923228,0.0738338031522459,0.0659918060981359,0.0727361009082031,0.0911339450917946,0.326333333333333,0.255
"82","URY",0.401994945915025,0.390982103057336,0.402287053725823,0.414522505404147,0.284699162401602,0.268371515260814,0.28470139984854,0.305614433319552,0.301394179692649,0.27278774535476,0.298411640969309,0.355445032909024,4270.63617163458,4141.05501915107,4267.91153889409,4410.43356700446,0.233184609734224,0.227374129873771,0.232916634821814,0.238562618655049,0.311185807148216,0.305632848399306,0.311273860443382,0.316576626330503,0.305828340982608,0.294350317160535,0.305685884488231,0.317978378165727,0.0719421923190849,0.0633281660719136,0.0717452760835243,0.0850118687175247,NA,NA
"83","USA",0.38063639973142,0.372187011866587,0.380872941186488,0.385796050462604,0.27682921997726,0.264044885730524,0.277272621793602,0.285011117502585,0.246152375163638,0.233657411265548,0.246059842687377,0.254792612864329,16377.9832424566,16132.272151159,16375.6270562436,16588.0137140478,0.238553476869929,0.234931097837627,0.238297184811963,0.24420105342369,0.335935378603478,0.331643660366712,0.335935374981481,0.340755302752373,0.26943131452791,0.262789666024691,0.269474466159062,0.27524728491488,0.0496661341880017,0.0459185788952246,0.0495021223890065,0.0543248693305022,0.392,0.2865
"84","VEN",0.420431424165313,0.411883300005662,0.420340129776561,0.42893938521639,0.315779224250337,0.301689695628889,0.315683154732773,0.330249258502913,0.325866246665602,0.304257826216742,0.326656438460343,0.358435721831693,2655.11263018908,2613.80024244093,2656.23324415349,2725.48394986173,0.220587857789133,0.21616087210433,0.220626009847732,0.225439361407233,0.304905986460823,0.299217574685678,0.30506128633401,0.310274805580241,0.315810494349642,0.307492571591322,0.315991660287451,0.324774551991847,0.0734894083486862,0.0645619630249223,0.0733080443717694,0.0845833238036164,0.4515,0.3375
"85","VNM",0.359001877271833,0.351668963915939,0.358400686139603,0.369693344367467,0.210446507661389,0.200681624074438,0.209631847874831,0.22626809390976,0.248990769991641,0.225987335598837,0.249020491248161,0.307197484217341,482.565201588,473.932090382037,481.826424939338,491.940913128317,0.263489226470194,0.259035522595654,0.26414216403912,0.267920065778981,0.312215794840019,0.306658724845424,0.312342380459137,0.317494873742627,0.290922498401974,0.280809701067112,0.290115647388226,0.302342541041794,0.068473918782554,0.0594512962297727,0.0683099710575571,0.0816157295348231,0.357,0.286
"86","ZAF",0.600248787440115,0.588509123344602,0.59969790838612,0.623166614563642,0.713304150392818,0.680111543673524,0.713645205184976,0.777880619972248,0.764500427338965,0.695516513660244,0.758532736965567,0.93134048568965,2054.26344554987,1981.62094030659,2045.40588733338,2171.58329800424,0.121518674851888,0.112546935151202,0.121885321855437,0.12693938833348,0.212347273938046,0.199295225518364,0.212518876590488,0.219720001269725,0.472602248801793,0.456010994059465,0.4718673281575,0.499639796560806,0.152910579281908,0.131091361681466,0.152227309195021,0.19186084081331,0.593,0.467
"87","ZMB",0.528684408110925,0.51653288478767,0.528377663202486,0.542022605548004,0.540660718477639,0.512653184424332,0.539565432091987,0.565016099338396,0.52873828676401,0.489268487055771,0.528519461889573,0.58712225870155,505.589714228061,488.821945091106,505.244973642553,525.489982374278,0.154177171297465,0.148315953928686,0.154398864602021,0.160551625848431,0.254745753996669,0.24607159268914,0.25453237934789,0.261536820679321,0.394524149843309,0.382119702005263,0.39490525512038,0.410482865233409,0.101146163440591,0.0880860665734682,0.101093552303964,0.121987035646645,0.5655,0.411
