"","contcod","Gini-MI","Gini-MI-0","Gini-MI-0.5","Gini-MI-1","MLD-MI","MLD-MI-0","MLD-MI-0.5","MLD-MI-1","TheilT-MI","TheilT-MI-0","TheilT-MI-0.5","TheilT-MI-1","Mean-MI","Mean-MI-0","Mean-MI-0.5","Mean-MI-1","Bottom 50%-MI","Bottom 50%-MI-0","Bottom 50%-MI-0.5","Bottom 50%-MI-1","Middle 40%-MI","Middle 40%-MI-0","Middle 40%-MI-0.5","Middle 40%-MI-1","Top 10%-MI","Top 10%-MI-0","Top 10%-MI-0.5","Top 10%-MI-1","Top 1%-MI","Top 1%-MI-0","Top 1%-MI-0.5","Top 1%-MI-1","gini_ref93","t10_ref93"
"1","ARG",0.54527052035179,0.513044593725679,0.537649212225147,0.864999370164805,0.555105509026377,0.477179347496997,0.5291381506433,1.75713053398998,0.828748281473643,0.572744967066324,0.698200019861741,6.09306990006863,6274.37816281625,5682.4367979369,5949.98775379916,20454.9254658562,0.16401549607232,0.0485132448301728,0.166804543716352,0.177653332215892,0.237165856545704,0.0704135542044295,0.240358712940465,0.254691252185445,0.449846975092231,0.412977268155975,0.441375214107531,0.836571055772354,0.180622845852869,0.131628771206647,0.169362962234435,0.754815318913395,0.464,0.351
"2","AUT",0.368222005089885,0.354393372303659,0.365944594208438,0.463260394342545,0.234494128768291,0.214829637341635,0.230115621336564,0.392999865668877,0.30048545305187,0.245419737154201,0.273726819651539,1.15607136267304,15973.9201080214,15644.1252755587,15892.7688241081,18852.1180177048,0.262556232098501,0.222138050288275,0.263666051523984,0.269344950320729,0.314565419005666,0.267486536923924,0.315810480621008,0.321135711075604,0.302595286015184,0.289539294039216,0.30017439460715,0.405918392910465,0.0839199416939028,0.0687056826721924,0.0792848268235672,0.213037778699357,NA,NA
"3","AZE",0.416135000245601,0.400594828828913,0.415862178178819,0.441294432166077,0.303432777066997,0.278978321804528,0.302535938557249,0.346459750132862,0.395769224234615,0.3288580255291,0.380932512108794,0.594659395353012,1188.08840288571,1148.42844133994,1182.54088627721,1241.05843173071,0.236064459208633,0.225085039929001,0.236065221501947,0.243559024583553,0.294825517768205,0.280685935965858,0.29538397041046,0.302650021408416,0.342083620352306,0.325221274347325,0.340996161711977,0.371122269412419,0.10675714893844,0.0878984070197857,0.103983483112334,0.147953576720852,0.347,0.268
"4","BDI",0.401836170418528,0.382118900082517,0.396745478031615,0.578054011966175,0.274609096823215,0.244043234761626,0.265564958854429,0.621001239276244,0.404162885017508,0.295081844804939,0.352171031670316,2.41465083416965,355.991395780824,341.73281364676,351.518188721159,505.970141594023,0.245628623267259,0.17349987947295,0.247595523842146,0.254494679106658,0.291704624284995,0.20537109273644,0.294377312758415,0.303317434726261,0.337940085385091,0.314721987228367,0.332564492848153,0.533190576627162,0.106991087617205,0.0817380186117758,0.100111290780692,0.367891319316536,0.333,0.266
"5","BEL",0.325340747017922,0.317294800445391,0.325019063186687,0.339848980809383,0.18322820145977,0.173342082158514,0.182824454711153,0.201829602837611,0.218470409980304,0.195875797310004,0.216142356182954,0.272369382188745,13406.1580251146,13195.3867510463,13380.7277391948,13727.7169037415,0.289166664141947,0.282069174850459,0.288952509528352,0.29405227512279,0.331070078336441,0.324057889607385,0.331198135919084,0.335099907304044,0.272869038660297,0.264559663657547,0.272395190944992,0.286894813817834,0.0683727307260389,0.0597198640866691,0.0682606168382021,0.081960503743607,NA,NA
"6","BFA",0.709546637292103,0.639925771469789,0.699122289372633,0.87201242648544,0.958037231245455,0.725714011830888,0.902845431291178,1.75792577866565,2.0428284530272,1.20773069215676,1.78523009170105,5.20545959388779,917.580780186057,703.05795456219,844.468648804075,1963.17656797782,0.103938281220092,0.0462459644629191,0.107858412922669,0.129857212009387,0.13386598292133,0.0592615408337275,0.138968034078584,0.166636302779489,0.659794540702203,0.575595770355134,0.648685594419226,0.851370074492832,0.408272249975057,0.277309557321099,0.389870690439227,0.739878621983486,0.481,0.395
"7","BGD",0.419661562841272,0.395151742977456,0.417987924080106,0.455278839599275,0.295948270271398,0.25693249197934,0.29163437076393,0.356522350400743,0.465501317219128,0.34828802799231,0.441432905250308,0.736687972599832,589.517187833096,565.064662646758,589.004171706237,621.709419568153,0.240772806069801,0.225857421184937,0.240661810389115,0.251549629551346,0.270864908457515,0.252794124036268,0.272040666354195,0.282194424398826,0.36893344739253,0.342564579667618,0.366855063946685,0.40790768592983,0.130117158875896,0.0981420384830829,0.128139840553282,0.180977747859309,0.3025,0.257
"8","BGR",0.280384705477192,0.27314087189898,0.279851085899657,0.29205442450622,0.134267348176943,0.126319759300522,0.133978702070567,0.147314438467785,0.158760570296698,0.141148092830121,0.158101041164093,0.190675608106179,3806.2784096438,3744.73469479544,3797.01039987428,3879.07907888343,0.317202366427155,0.31182321970904,0.317681746828998,0.321383033366218,0.34281297981259,0.336128573479713,0.343486756308579,0.347175461214417,0.245150873714534,0.237025507392168,0.244452413852477,0.25766226869939,0.0559092078250637,0.0482868454949249,0.0556889796068153,0.0660503629870613,0.307,0.247
"9","BOL",0.723609701590868,0.654617621008633,0.705792324832889,0.996186684076026,1.08330288439062,0.774386430409569,0.934387685117813,5.30597437418115,2.14219532813922,1.19541139746519,1.75184461445194,9.03991253177081,11023.4052398165,3454.25358015143,4087.81883496649,331903.682186657,0.0938617418790944,0.00124872005425139,0.100010323852507,0.11844990701482,0.131721454860606,0.00176010147372732,0.140476921532612,0.164772333762853,0.664975528971162,0.582186159395402,0.643884840166879,0.995486546905676,0.409658486301765,0.271365036349271,0.375352945247269,0.991813661535072,NA,NA
"10","BRA",0.79497406695082,0.724552209700098,0.783596560197189,0.998364604036503,1.44374498497274,1.04492925464863,1.2885006825316,6.23500571349377,2.59287658417569,1.45387254533243,2.21983626749661,9.1265345534555,20271.8804071578,4020.32537774379,5218.20639708933,734744.516145759,0.0595775063587779,0.000445728947957857,0.0624381690410807,0.0810615118341685,0.0993364857256468,0.00074067585904683,0.104307083226547,0.134696015237533,0.734748711298298,0.644162535888394,0.720570816280508,0.998022832588217,0.479352844177119,0.313371123468204,0.452685225833919,0.996007886525193,0.576333333333333,0.452
"11","CAF",0.76226878025757,0.724405068427917,0.760775806001865,0.866832625081069,1.24515362051761,1.08821971931905,1.23556260784903,1.81441050467111,1.9442727120484,1.37903096669543,1.80109465404672,4.56850018324192,524.639983014546,439.613781044206,509.916294689487,910.021211115113,0.0648615949768565,0.0363315178976905,0.0644733115076536,0.0757855044230711,0.118246407251019,0.0656056648239163,0.118605270467802,0.136857863071622,0.681786407477056,0.631639897658384,0.679485896011384,0.821190375997293,0.385662939059737,0.29063393025894,0.373196418671566,0.65578139305554,0.613,0.477
"12","CAN",0.357451226703,0.347452614335306,0.357295449775528,0.364773507903166,0.222008619082389,0.210558063129437,0.221084605643133,0.233095744499245,0.246679245536903,0.227044945866558,0.245190168570313,0.281100403503901,15881.1135750625,15607.1897735977,15894.0463624668,16179.9399785241,0.264274958617444,0.260030425348382,0.264538993495446,0.26974772213652,0.325878205445388,0.322264858547197,0.325787141527554,0.331476999776903,0.282846235188947,0.274642691067622,0.283318538818492,0.2905488533194,0.0681055338813392,0.0592186280336927,0.0675080045524337,0.0776067590645231,0.3115,0.236
"13","CHE",0.381367076241466,0.37200371459354,0.380579826233896,0.403779453258756,0.260024806888496,0.24726274653969,0.258699407252313,0.29492602229764,0.29863099794002,0.269085336201685,0.292730692971338,0.398571089813906,19754.7002312606,19280.575250058,19724.3386151527,20363.8784492554,0.252805774110997,0.242345064084324,0.252912635547488,0.257713870715339,0.317732535726685,0.307817354713656,0.317958472169901,0.322264479463239,0.305023278220331,0.29613767259632,0.304492340074661,0.328139979380495,0.0818131491938871,0.0734697785346815,0.0811425479370959,0.106661269322987,NA,NA
"14","CHL",0.746623330415321,0.699568293132676,0.746311135428117,0.805315920870947,1.09786493221562,0.927227072773038,1.0926636025946,1.35869773584906,2.05562207006585,1.45864441658497,2.01677760529655,3.03085146112277,7120.1301412601,5920.08679520073,7072.52505904393,9301.80944483383,0.0856162110623917,0.0656588886780704,0.0853582466022883,0.10135018304961,0.120617554065156,0.0929902476439464,0.12073272914841,0.144499261481703,0.69387833739795,0.633218676021904,0.693351373588155,0.764086652191965,0.433176255322936,0.32878858193651,0.432218602590734,0.566208947327511,0.556,0.4555
"15","CHN",0.437419716876026,0.427198288011076,0.437428886023219,0.448877226193493,0.324816017422735,0.309329468673977,0.325079381201218,0.344891352937446,0.379729120817243,0.343768328282533,0.376882929488865,0.429406406313447,657.341048668227,642.050609337883,658.369876794262,680.276567261706,0.215384998481965,0.210568565810105,0.215564626672686,0.220692251062828,0.285175870762188,0.279690553962875,0.285769406962206,0.290334097661632,0.34340619365189,0.332104816648395,0.343230201010247,0.356655876414675,0.0910739930892379,0.0786718044370965,0.0904455114923905,0.103929288650246,NA,NA
"16","CIV",0.454795383837014,0.427167700221322,0.447589092092738,0.725969100030643,0.357787171446608,0.307281729188074,0.341105111420007,1.04063006354617,0.568980041379896,0.388328623592141,0.474238829414007,4.21707473703946,1245.00363554351,1173.40544570802,1214.54546810031,2464.27514821672,0.217014872681605,0.109301398616442,0.21941517300429,0.228809392713745,0.268391305285087,0.134639485518316,0.271975873721717,0.281869456037245,0.383472704964451,0.353490789806916,0.375228562343887,0.690466122236386,0.1383673827764,0.102330278096518,0.126494439535972,0.566059433581966,0.4,0.3115
"17","COL",0.675819221885212,0.613999413678263,0.667910909891136,0.988676318077031,0.90570706880378,0.677182588434978,0.824623295888254,4.21078372326037,1.67629660639186,0.938851371758309,1.39634970547761,8.79920806499328,7021.83447455991,3750.83417984951,4394.25966104154,130624.455046761,0.110573194149264,0.00384034833981107,0.113352535171498,0.131297905999166,0.159436954784727,0.00550110475982146,0.163243257556076,0.190754912117241,0.60367908283543,0.52670002836982,0.593631784523274,0.986286755723324,0.333524612853332,0.21330580389045,0.315317698994539,0.97679217212663,0.515,0.405
"18","CRI",0.552540502746464,0.529151032486818,0.547941055474509,0.607523093670502,0.577626361554224,0.528251291875288,0.566024832249702,0.708501771719618,0.762992623578161,0.610972742950575,0.707111372598139,1.53054663984837,3607.70885161953,3417.98869242259,3575.20481124726,4041.54818641287,0.158228484713221,0.139731203778963,0.159585218349083,0.167169011956338,0.238189552054755,0.209025031946368,0.241030474930316,0.250895890171368,0.451374927167142,0.423910556354799,0.44553935048316,0.519522343574996,0.175254347436651,0.142862632927071,0.167187414822533,0.282058636726945,0.4616,0.3416
"19","CZE",0.313827745213666,0.304317274409668,0.31333294371417,0.325558809729341,0.165129235859753,0.155128204701992,0.164021820313072,0.17891234686279,0.212543245218231,0.196640006565476,0.210427945819823,0.238373526767837,5585.13926522261,5464.27111537942,5588.53748001764,5720.61558382909,0.300341009647006,0.294519765439792,0.300662515238064,0.305269255311269,0.316033709029613,0.310122924705187,0.316418407889643,0.321360380013482,0.281748279276594,0.273045459588119,0.280796816663339,0.293132583145764,0.0712828887285339,0.0644864089921579,0.0704856864791215,0.0805372876510168,0.266,0.236
"20","DEU",0.34690340186194,0.335885636920811,0.345216720153981,0.419425202042163,0.207563234733332,0.191031018628433,0.205309417628354,0.322410716560958,0.254788232336564,0.212639997622896,0.239336192866369,0.874107528568756,14512.780253411,14213.9061581173,14458.252278672,16334.2048298903,0.274199012311671,0.24303160549185,0.275261113123458,0.280015615553301,0.324434177470007,0.288319206119952,0.325541493062715,0.329474667839234,0.284315405625531,0.272763656823728,0.282961320649968,0.362397149909871,0.0733050235419702,0.0599667031991905,0.0711355273589018,0.17145543155399,0.291333333333333,0.23
"21","DNK",0.283563784891839,0.27424141961176,0.283827875904797,0.294567564229499,0.141935957283528,0.132404618854929,0.142270932552643,0.153738063988982,0.154954570768377,0.140201679312786,0.153589338879219,0.177866477006694,13036.5928887159,12860.5656162575,13044.1401295383,13289.0580158422,0.313439346036884,0.308450852738701,0.312990858474127,0.317946918841152,0.35260356826618,0.346342151443836,0.352784018171208,0.357806101645558,0.238678188945156,0.229140777102932,0.238393935862279,0.25027612283682,0.0517809938123407,0.0457477732117452,0.0514121593247667,0.0602079980653241,NA,NA
"22","DOM",0.667781144990936,0.641316562721031,0.667477893735124,0.693032319135169,0.826985637305179,0.751312670121258,0.82401389207867,0.902076074799785,1.36321952414215,1.13722266744643,1.36755815885914,1.59000994852041,4223.8502716843,3885.51794658715,4179.96948073655,4635.53108597057,0.11765536044921,0.107514425469787,0.118208779443938,0.12644617998733,0.16071146256634,0.146886791047773,0.160713164977346,0.175164834194925,0.604035045357189,0.570894313638343,0.602939415049947,0.636274456729349,0.315657457402618,0.265989823267804,0.315232389315777,0.366652769824758,0.514,0.419
"23","ECU",0.724977773062226,0.654171406131793,0.715484733184884,0.879179859610011,1.0683769902883,0.820701392650513,1.01230429707088,1.87041635839783,2.02377063349388,1.10285723484294,1.78813126575321,5.25815899444589,4022.09648548739,2991.57405135438,3682.83499562374,8620.09017749092,0.0904400224643532,0.0400855624796761,0.0941317372850635,0.113111332990461,0.139247158323406,0.0618827661401318,0.144942549876282,0.176350221110341,0.657646933472318,0.566953360971094,0.645892482275981,0.850288081342212,0.398189233949284,0.24775165646934,0.381183100613183,0.738927698061952,0.534,0.425
"24","EGY",0.363716880259917,0.349500923196036,0.363659340329278,0.378703072327886,0.221858931312956,0.20381555974941,0.221945808442002,0.241488014265656,0.303738778698711,0.268106937137781,0.305861231530755,0.341968538241346,1313.76927140742,1273.65989248234,1312.34671572927,1362.90670172061,0.272142654696822,0.264485774019834,0.272226632724964,0.279056548361086,0.295121998082319,0.287574888063695,0.295221622130323,0.302828946690962,0.322013417427045,0.308160543391203,0.321115735851752,0.33626227429118,0.0940515640204233,0.0810292484214287,0.094506928298737,0.105847608531191,0.301,0.26
"25","ESP",0.436495231680736,0.418998835367325,0.434312361421929,0.479560536107704,0.344378518307673,0.317124847156069,0.340413718098954,0.420592804259546,0.42766677179395,0.358300479741426,0.406574587190274,0.831102176643051,9931.42710286095,9581.81858410661,9898.87291024195,10693.5483001411,0.222036184478444,0.205606725903973,0.222323539262573,0.229974165755396,0.292958913090691,0.269918975179075,0.294090500191883,0.302257486897273,0.351070393781363,0.331581282598089,0.347678908284267,0.402924969894072,0.109798399373205,0.0929620534620598,0.105159545190135,0.177914118289634,NA,NA
"26","EST",0.493105900128361,0.468106925642721,0.492250038323224,0.523822755431382,0.424219640940169,0.377185418249276,0.422701853606096,0.484162443814144,0.638324394387426,0.490200781349945,0.633379287790076,0.840161274867451,4029.59855597514,3822.70666540022,4012.869191051,4339.02020436783,0.199583447842935,0.186846680683714,0.199887510252998,0.209892301565484,0.250876197037832,0.234670403571116,0.250537633421515,0.263800885833959,0.422569276796818,0.393087407999409,0.422781743988261,0.457579646925196,0.164379970058206,0.126493652078521,0.16429566110123,0.207692849580094,0.395,0.313
"27","FIN",0.257931002769518,0.251368607511604,0.257292167637821,0.271004719216073,0.111271431931793,0.105482674313605,0.110605843353508,0.127774476915837,0.125131627346259,0.115788205191051,0.12291042043916,0.198182453827239,11102.7620552547,10995.2384175297,11086.0863172861,11330.4427949373,0.327809818601435,0.322191478849203,0.327952724203505,0.332244341690024,0.353677505063511,0.346969151896122,0.353830355127056,0.356603223589866,0.223572393984587,0.21893755610977,0.223211767091183,0.237714301551818,0.0448834637601274,0.0410675392460769,0.0441870359477185,0.0602589838194371,NA,NA
"28","FRA",0.380466004867861,0.369371564097893,0.379722469960448,0.403794731286398,0.256634739220138,0.241274208888342,0.256109561451291,0.292778462072485,0.305411949889046,0.271876738958104,0.297968807058259,0.422852617739982,15212.753943926,14803.4525374301,15209.1083386315,15800.806875808,0.25434575172523,0.24433014529053,0.254697206523646,0.259915241155512,0.315590493247109,0.305307955788133,0.316162087144215,0.322031893258968,0.307261188810078,0.294793095461452,0.306203278793869,0.332855059001568,0.0849687333113114,0.0734931267324034,0.0833538158218572,0.113678792902877,NA,NA
"29","GBR",0.422327949673452,0.404589330769727,0.419431908256516,0.557972459510043,0.310421885639224,0.279281335509365,0.305289227345209,0.573868998525748,0.402177748411697,0.316814546193536,0.37434020428161,1.88767525442379,12519.2011258707,12119.785298065,12433.4040068495,16347.4666191763,0.228707309498388,0.174513738802376,0.230524418327061,0.23776112574259,0.293774488218635,0.224895555489142,0.294778108601844,0.302842817636435,0.339395540413297,0.321992898230396,0.337101371299433,0.494115847584194,0.101194184987622,0.0800474840572391,0.0987792026607801,0.307213173036423,NA,NA
"30","GIN",0.536996267659093,0.51746114439848,0.535917836248306,0.576361441624467,0.500579293643142,0.461819002687361,0.498537334008935,0.588541967145295,0.691298451775202,0.571011136401124,0.669820180334047,1.13417356374177,614.890391090818,582.823506086726,613.261377813029,667.236299304679,0.167244971755473,0.152976091060843,0.167496667239537,0.174423991098989,0.231678357656787,0.211726294662057,0.232058554404561,0.242552574388843,0.444509710831888,0.420203325043914,0.442026852267065,0.491156337257195,0.162123148415555,0.131886013209126,0.157996701547123,0.229397261538483,0.4645,0.3385
"31","GRC",0.381730672659448,0.368312569270599,0.379027272967302,0.494624681737032,0.25356260895949,0.231679846846753,0.248670374795579,0.451930631675841,0.325750509158512,0.26162049794882,0.296063997059895,1.44017756998908,10833.310884845,10552.0817580213,10760.4357392932,13249.7641497367,0.25394842704205,0.20686060165383,0.25526678734539,0.260688839219685,0.310697792921664,0.253766457455394,0.312376006910423,0.317216221432494,0.310836948501538,0.296172607378504,0.307465488514679,0.435229292801603,0.0879195236995172,0.0703065482886301,0.0828864613021231,0.249172012392632,NA,NA
"32","HND",0.707061841360057,0.636940242229472,0.694501131817829,0.992634714063511,1.00975059070234,0.73220257631171,0.902482060085477,4.64079999553364,1.91182148644517,1.047389667157,1.57760431343474,8.92864626006957,4451.81802293503,1996.31462466528,2352.14418976469,100789.688045242,0.0978940819312873,0.00243028038959373,0.102251826202734,0.122197970842007,0.141725710072449,0.00350151401909792,0.147933642921909,0.176395912807348,0.640319017183982,0.554188655346549,0.625544167328166,0.991079873242842,0.37351982382412,0.236253898108595,0.343238693950897,0.984321248904234,0.5354,0.4246
"33","HUN",0.330253847106455,0.320778909886224,0.330413163090084,0.342568723150847,0.184159411345512,0.173255579725445,0.183480447923996,0.198703317750664,0.236826773012899,0.214443929992689,0.235346644293008,0.263813545886197,4563.75123161304,4491.58869022724,4560.23961761474,4681.24235611933,0.290308470442844,0.283894488609089,0.290163056547547,0.294961341027107,0.314361192521465,0.308174930664192,0.314597384089503,0.319262822367354,0.290776841163321,0.280779581699839,0.29040030942506,0.302373797459896,0.076815836146929,0.067664327827278,0.0768666940702705,0.0859966656612607,0.279,0.242
"34","IDN",0.355557372215242,0.34325375628874,0.355773987738645,0.37435256126901,0.213163312592098,0.196580153209089,0.213014750287352,0.238667920712069,0.294733334457952,0.253252368332482,0.292025858015454,0.364726118425408,583.177010078739,570.088840660339,582.200081378939,604.626142420865,0.275913165150018,0.267066321422171,0.275453312924129,0.281422007870954,0.302409937781372,0.292488645235004,0.30236678828862,0.308515097440099,0.312242101192757,0.29787182066432,0.312092877983789,0.331601785034984,0.0919648562680957,0.0787752624096496,0.0924376133873166,0.112029289851883,0.32,0.27
"35","IND",0.375093827849187,0.361508393558198,0.373861393220446,0.392059955192294,0.237573467178283,0.218085237570054,0.235960079838671,0.262497358207801,0.333462195910823,0.280484339906284,0.332167763811634,0.410598003792921,631.900798244685,617.429993313377,630.8877519378,651.078620965777,0.265035779990026,0.257528830494833,0.265713599100917,0.270666760776977,0.294640644980836,0.285451244304267,0.295120307664,0.302929477607914,0.327937313001446,0.310794941657118,0.326705449331874,0.345484770036733,0.101039888814476,0.0842034192467823,0.100030001701209,0.122031947188286,0.317,0.267
"36","IRL",0.360672096734487,0.349462378266754,0.36131394415676,0.368468492608665,0.240764577591057,0.226132294157367,0.241088899433084,0.251643642914763,0.244256931635165,0.222282350850682,0.245473715287499,0.279177613507363,6742.10337633846,6620.04816342339,6737.23457303678,6895.93101130086,0.260186254868209,0.255821961469897,0.260019598246618,0.267059247914423,0.336284064106605,0.330225346633419,0.336044109627612,0.344036531489353,0.276374045377498,0.266215676200312,0.27758511397763,0.285942518361748,0.0640344621861854,0.0560021730889911,0.0645416892146183,0.0772031894480658,NA,NA
"37","ISR",0.410528787090743,0.39537255315326,0.409266424633038,0.501427033454871,0.288873430340785,0.264483578232426,0.286115210640571,0.453058993438768,0.361752460296415,0.301201245013237,0.343867263991701,1.29915350838489,8368.12078309251,8099.009023551,8343.55000050551,9929.02380706454,0.234358326530197,0.198491367807097,0.234469906396083,0.242601535062686,0.297854135330192,0.250954553777233,0.298822282826306,0.305668610690264,0.328476942237175,0.313922478353964,0.32657997839441,0.433186864736851,0.0925401532659286,0.075998296556013,0.0899198631825764,0.227200610920522,0.355,0.269
"38","ITA",0.352849351683287,0.341663529881934,0.353306679772886,0.363369887228235,0.216274839785633,0.202555357071079,0.216516494682611,0.230421076395245,0.240979800199665,0.215233293992296,0.240137710565335,0.277264697621938,10162.9474053137,9929.08102038995,10178.8999234237,10335.6668061108,0.267430899242473,0.262752423907171,0.267233434092037,0.272934237033296,0.327420616331571,0.322616068881542,0.327187451944651,0.333452523503283,0.280380859464282,0.269054586494453,0.281079764727141,0.291843385489459,0.0674388559259073,0.0575397309932416,0.0674114489308875,0.0785993188888374,NA,NA
"39","JOR",0.572439853676146,0.52234247898661,0.556860676471074,0.959081932198111,0.602923278408347,0.461111084105495,0.535574038723913,2.91866218545241,1.14892773679569,0.646748972075572,0.902561112023469,8.13028603358365,3384.15602387727,2558.59275335025,2783.72641901769,30390.2589377536,0.162537458173206,0.0155340173679082,0.167958562160721,0.182205958891107,0.205144425015108,0.019521745435913,0.213209886983647,0.228948330638463,0.507421964550025,0.447635047543435,0.489584000700542,0.952983765520119,0.247198460883928,0.159888836283392,0.222003382245646,0.927466968888993,0.434,0.35
"40","JPN",0.288961469979281,0.28077248201298,0.287640235629771,0.327703794700912,0.138516229029264,0.128763841487017,0.136775695867415,0.193998348199816,0.177020203591043,0.152029814939538,0.169445508150711,0.467434388848221,15609.3108182962,15346.4862380536,15569.8988906428,16532.3096776276,0.311286221675124,0.294831813966867,0.311965567050661,0.315794851429958,0.332056342440993,0.313491815501707,0.332716387745283,0.336360762486867,0.254785939294109,0.246135367571894,0.253570896780396,0.296516038311718,0.0605107299326509,0.0512639720615687,0.0590925892182329,0.111120988035552,NA,NA
"41","KEN",0.805705118048767,0.723468230005194,0.795488469160767,0.954214616581987,1.40365995473978,0.994211118804868,1.29475522764823,2.79339228957289,3.0333046702137,1.62929635483575,2.65413929655727,6.90714978269872,3050.27285209708,1847.86393327401,2506.50174172832,11068.733601603,0.0637878755712121,0.0150172256857429,0.0672142913646833,0.091204454527906,0.0896659175251907,0.0211190221797933,0.0945006874251169,0.128941913747257,0.764571687220806,0.664128815993007,0.752450602981954,0.944847207073237,0.545052728050017,0.363430259202205,0.525095973726678,0.892447358248312,0.503,0.4065
"42","KGZ",0.666436659162746,0.632810229033461,0.664799322122401,0.71975241992642,0.906094520482089,0.812755587551267,0.899687445583144,1.08009759260906,1.30780818703078,0.986637967392991,1.24232212907476,2.26685051051038,3023.10977529539,2738.53557374303,3009.55783041155,3611.08579413653,0.105341065585916,0.0892353149413602,0.106133879524151,0.115491897322078,0.178215048481667,0.150444343159569,0.179101588282464,0.1966922467856,0.571111576683153,0.525538471513293,0.571001530632421,0.640763343986855,0.281111348138163,0.215977028086478,0.273998351667498,0.401862738895366,NA,NA
"43","KHM",0.451361290033832,0.440419467286801,0.451415658961323,0.46469767366129,0.336683893725464,0.320445302924213,0.336883168016263,0.357776859040207,0.465876628111152,0.437374968996984,0.464972462129343,0.497058871288995,783.778765943361,762.965491921356,783.490003781583,807.733774082952,0.223148747913483,0.216945785150903,0.223020923421994,0.229161872836653,0.24961398372288,0.243447006123628,0.249301038133352,0.254646770804514,0.398633253712782,0.387993763170162,0.399167006699132,0.413077636847507,0.121401759879851,0.111624323366955,0.121497050693649,0.130037871887752,NA,NA
"44","KOR",0.363887596426653,0.352530097725299,0.363049099293619,0.379149501040172,0.234051818546203,0.219395465934526,0.23283040656895,0.256306580807962,0.271186588317526,0.245625227856657,0.266761763775053,0.364102322758615,10719.5628946846,10543.2843467552,10693.4729817841,10999.7633851386,0.263427125045209,0.256523228547454,0.263461979297501,0.268859817518346,0.323006124453463,0.31561126992524,0.323406239019507,0.328795283980992,0.293176162680594,0.282294707657498,0.291711677125356,0.308930728019925,0.0767021986093513,0.0678450052129968,0.0755276271391155,0.0959239696708765,NA,NA
"45","LAO",0.373065937189771,0.356188144054555,0.372580521542305,0.391935801489865,0.234323041357089,0.210287396585548,0.233528201946459,0.261346029289127,0.336676815100142,0.275340789552029,0.334014592094524,0.425115835900094,587.193880787389,569.86323307618,585.042989212122,610.417013655715,0.266193264087088,0.257661195070559,0.266491139659422,0.27380429745855,0.293834981619172,0.283948909483424,0.294388527980794,0.301844429265661,0.327480996813618,0.309727239461322,0.327944574569804,0.347318831839449,0.101813074886193,0.0825262405725896,0.101540405696456,0.123971750490069,0.343,0.281
"46","LKA",0.447205652609327,0.421926038773777,0.44428160481476,0.492170196915282,0.338747698335983,0.296438952091388,0.332265076055034,0.422879073692313,0.53841134566105,0.411675810699605,0.507085045319174,0.934471454021053,1190.32811470092,1136.3672205358,1178.60960740226,1286.16715042041,0.225862814022558,0.207787484378416,0.227011910643523,0.236652533898897,0.262101830130765,0.241344399074159,0.263787658766223,0.274018930292296,0.390506451902102,0.362174843640112,0.387050582410219,0.440518645591825,0.144867074049913,0.113701466743403,0.139265790759874,0.21532319505213,0.354,0.29
"47","LTU",0.40870998512793,0.393002832386691,0.407458000190984,0.430739929702083,0.284209799116739,0.260375995740783,0.283698110242429,0.319084377519558,0.404342213836846,0.334688159926544,0.401283960373936,0.509269293506978,1720.8413549422,1671.65202001934,1718.53504303269,1803.412525081,0.24545243675158,0.235911717669367,0.245534969736159,0.253600069118218,0.284392781031784,0.272824535328391,0.284466746128747,0.293479230004413,0.351953652416329,0.334384269537829,0.351103881208531,0.375599113316034,0.115559316541149,0.0948259508274119,0.11400360094255,0.142327712141493,0.336,0.28
"48","LUX",0.306310802587879,0.296922158233019,0.305877301271296,0.336118335280901,0.156657542456179,0.14582605927918,0.156139796837682,0.199180078137871,0.184261240950339,0.161825833930559,0.179792660044013,0.38846578293963,19363.2749681219,19066.1039272148,19338.7271272541,20194.8752489909,0.297593193794012,0.28485839956094,0.297946773215671,0.302608500175092,0.336027142168196,0.32178893247222,0.336363310341271,0.341023519542083,0.255718470383519,0.247385226200381,0.255129953965183,0.287298023553953,0.0578732937969602,0.0498855240790055,0.0573247431900573,0.0959076681357318,NA,NA
"49","LVA",0.304789566535673,0.298497585690758,0.304505683232391,0.313465741335311,0.151636341556242,0.144414356344646,0.151644154829219,0.162526735936723,0.175576315145732,0.161606183760904,0.174261673832183,0.200086806724837,2503.97767797792,2468.80222117432,2502.576575917,2537.00991131211,0.297353417718897,0.293447199399524,0.29729427060358,0.301120023620064,0.333615785369648,0.328464796755442,0.333366846542753,0.336739668509809,0.254333374204718,0.247704300185298,0.254205356882965,0.263905040004052,0.0550231226527175,0.0493297255957561,0.054723927402772,0.0649970942580975,0.29,0.236
"50","MAR",0.473190548332729,0.451197740521425,0.469173910002561,0.715106273709743,0.388125403783119,0.346444850869623,0.376241408374306,0.997376831103533,0.583256955002665,0.421569949819765,0.512300666178563,3.8908535364191,2216.85441332569,2101.02075037546,2180.12401466788,4080.59544918986,0.203918749227815,0.110516757543857,0.20583932575497,0.214535088374142,0.26336716867142,0.141909722920708,0.265282411343477,0.276294591781761,0.391998010504903,0.366535575670163,0.387099317563784,0.672015889685529,0.138746240782395,0.107099677915806,0.131962109883615,0.530659286684718,NA,NA
"51","MDG",0.594580796762159,0.559525710304641,0.597075335762198,0.632246773368647,0.634789271236527,0.551910120101515,0.640456157835802,0.728769760480191,1.03016353035523,0.769507705178341,1.03962353583351,1.28274876205409,602.957161772896,549.209060956072,603.19981776472,671.17506341217,0.150733892389884,0.135501341163835,0.150157437208883,0.163649022827892,0.199783976871948,0.180711865603997,0.198513595642224,0.218021607581378,0.524771573889966,0.481651757560113,0.526879344007154,0.567489570842074,0.247269293353102,0.186501913975768,0.250368260302049,0.30426017437281,0.453,0.37
"52","MEX",0.719837512570286,0.651238788282584,0.713494998041434,0.993984217774601,1.06143581116223,0.773918448558005,0.969458334638727,4.84807104593455,1.99599607732177,1.10578614902496,1.69624561432152,8.95874728562679,11674.1736747816,4838.69122221511,5845.43613863417,285770.864690639,0.09207251323453,0.00195164066899657,0.094484383928995,0.115550234099227,0.135563020495808,0.00285017178791977,0.138727268369757,0.169223615862709,0.653592095655595,0.569591303668571,0.645857704433037,0.992693904876689,0.387177951361163,0.247905102110108,0.372662988019881,0.986978507070679,0.4995,0.3915
"53","MLI",0.686390247784847,0.619060024477658,0.672446580431183,0.850691534765262,0.890324935127805,0.683364397771323,0.832055000811765,1.61712274077313,1.77766950295568,1.01890583905361,1.52506704439483,4.64489068209455,489.443825601795,382.952627572952,448.605438418416,988.97440034777,0.110159135493223,0.0524160220956059,0.115353659626829,0.133877140264744,0.151416732592007,0.0720165180500798,0.158366693161227,0.185242451339171,0.62444055302882,0.543092621916365,0.607289364861714,0.821345470056687,0.362850618999949,0.235127803997562,0.333475237013937,0.697475306879395,0.504,0.404
"54","MRT",0.533707356683315,0.524795481849308,0.533634087559916,0.54264765495057,0.48193192641514,0.465207109644868,0.481901098682505,0.499892586627968,0.60569932319243,0.583782776638772,0.606768298368129,0.62776825569601,941.152878900642,914.113303985523,943.785148794481,969.290456850743,0.174064411959827,0.169281969750674,0.173921138414083,0.179125125683133,0.216949307178123,0.211742419915013,0.216944786716036,0.222793360710092,0.458536180166732,0.449853340994173,0.457978055935578,0.46826198351351,0.12457784653662,0.117353445271615,0.124469625346227,0.131372360696786,0.439,0.356
"55","MYS",0.619824746063865,0.568980880384333,0.603241343346309,0.972672357349435,0.737547815205678,0.57608693944392,0.656899698978805,3.33413857252151,1.3211313941761,0.770676003547304,1.04261800340743,8.39704917957408,5408.96517245396,3800.66676070733,4150.61519519739,60381.4948186455,0.135270569919852,0.00973243599222085,0.140410789307052,0.154408404187406,0.190503152358496,0.0136229987099132,0.198352176214266,0.21619916172808,0.542039387865429,0.482661964970958,0.522328441553427,0.967227011647767,0.272704603815633,0.179904535404432,0.240152921164772,0.947852377343466,0.481,0.3745
"56","NER",0.521090577683556,0.483013123145794,0.513260337076171,0.858211166693804,0.477085944518698,0.392738390482848,0.449520868953276,1.6828117585644,0.811606211059515,0.51454268164794,0.673634508906998,6.14189376686007,475.36545868646,425.754151314739,449.527375606808,1553.4587411299,0.18265262191074,0.0541913642265419,0.185914521453091,0.197854762729501,0.234234171869776,0.0691842872916795,0.238024524304493,0.253268874091404,0.445807116980322,0.402764052864876,0.437652729237261,0.83615116480856,0.18399720788263,0.127569889584915,0.169743950536616,0.758245390994224,0.388,0.3095
"57","NGA",0.499655930500089,0.488816366495511,0.499592510959749,0.510527427055707,0.471611433598391,0.449724442126227,0.470663127660523,0.49492121086706,0.477550440737455,0.441850669048568,0.476211672645578,0.537812503059975,543.382218228158,531.660981182651,542.08743608569,562.496948562412,0.173087749909904,0.167762421829477,0.173189753716625,0.179090346969276,0.269499969347463,0.262860279765596,0.269695716588746,0.275606585145094,0.375231332759038,0.363507096687132,0.375121697853811,0.390098725589227,0.0982855196551088,0.086155474303262,0.0983186036936497,0.117052416702803,0.45,0.314
"58","NIC",0.73986417101171,0.683450725303319,0.734965276872103,0.825210050773964,1.1722239518972,0.967885446932487,1.14482666744478,1.56801800442432,1.91274282776192,1.35319267508988,1.78447110857104,3.41335494449224,2276.64988512686,1817.48296877489,2191.7884553492,3330.96076919651,0.0790773036966629,0.0526705870747428,0.0807593044953307,0.0976579755605446,0.136689977071243,0.0917270293705663,0.139550362280803,0.167889868999145,0.663838885294493,0.58912821146279,0.658008322687017,0.77494871491263,0.390890547249586,0.291704175377007,0.378951343603251,0.588101814340291,0.574,0.442
"59","NLD",0.371479265568965,0.358325667897169,0.371921983890472,0.390526634324614,0.238900397507128,0.220624099585134,0.239217330259984,0.267789183414771,0.296864641413099,0.254035462762025,0.290045900398341,0.400993931531725,14228.743324612,13972.8033437009,14178.5860823528,14685.3968692651,0.261092381678908,0.25238748472228,0.260974595315935,0.267804998592711,0.313214131083243,0.304297418997957,0.31367531302797,0.319696169912993,0.305883821618477,0.29338497051441,0.304819541209599,0.325375956650016,0.0850297700135833,0.0723623255726969,0.0828458752362201,0.109837868004212,NA,NA
"60","NOR",0.298663498122251,0.286571190039468,0.298221153460424,0.307125507448384,0.152700541039642,0.139371433936386,0.152203633893697,0.163237828365678,0.183370723324128,0.158717290170101,0.180962598102361,0.217977260435286,13729.3017118292,13498.0448088776,13708.8099006638,13971.2220126771,0.305976178562109,0.301495371437284,0.306053900468742,0.312237854681004,0.337071490381701,0.332050247081259,0.337413213408502,0.342129471808635,0.257217915234302,0.247327687049926,0.256799043501513,0.265707017377987,0.0615137015307648,0.0535235944104028,0.0611634281165441,0.0698175632951608,NA,NA
"61","PAK",0.350511071725549,0.335879698574221,0.348892426621778,0.362113172342211,0.206487950751775,0.186789884661676,0.205492065963609,0.221731977734251,0.289314471778531,0.245247244686815,0.287630924771963,0.329520949394225,844.113420975686,826.747041519191,842.036602302008,865.406513853319,0.279675448063715,0.273879280232423,0.280356386372561,0.286209530892951,0.299927950500031,0.294107834437753,0.300324864559805,0.306794927683759,0.312394317129563,0.296740495953103,0.311798995956161,0.325051528798325,0.0919477842115203,0.0766118822432159,0.0923638267489423,0.104147799157347,NA,NA
"62","PAN",0.703444263509814,0.672518859583547,0.697441607867803,0.771706231806093,1.14802977936793,1.06282625062905,1.12278928322704,1.40376280827851,1.42966992080477,1.06575674735058,1.35906335984668,2.41761803007725,3859.34279539065,3408.4926955472,3771.72646841342,4920.45471714031,0.0818459194790175,0.0623984439103737,0.0832081868090815,0.0902156838110631,0.16449637263323,0.12620664326195,0.167334142106482,0.182407685742534,0.597170984760994,0.55289354548197,0.588464892413748,0.689560083606408,0.297426114627928,0.227957949511025,0.285696093008628,0.458057162689441,0.58,0.4285
"63","PER",0.610276440343521,0.569875792104387,0.608767154278169,0.674916211529249,0.73561155769146,0.637325560415055,0.730777506165691,0.919599253085143,1.01739556803016,0.740034570924081,0.985545056852275,1.78474174144035,2640.06313772605,2373.24556221807,2631.42563211023,3132.81874605083,0.131620112204464,0.109687009888786,0.132251856710849,0.146325889092189,0.209751861320754,0.175774357035278,0.210079157964201,0.232158069385569,0.512027019894703,0.460874254926379,0.511209282167958,0.593895686169052,0.228462793725464,0.167852989089166,0.223239030408916,0.353222636226537,NA,NA
"64","PHL",0.545510796258497,0.503745983555574,0.53634537021965,0.897871452167457,0.530260862282008,0.429926060259291,0.494555825701638,2.0076602480257,0.918858447393403,0.569426220045709,0.756857921859607,6.83757068137788,1366.17612941354,1186.69817020876,1266.76291783207,5762.60575160563,0.170580646552126,0.038404528233005,0.174212755054084,0.18694054867969,0.222520749680477,0.0498751667061355,0.226616463647851,0.243392316028864,0.469381109467958,0.421647287180924,0.460234276032445,0.880944145195948,0.20345938770559,0.138553230493361,0.187080569928932,0.820907019649668,0.4335,0.3415
"65","POL",0.364980307990203,0.351535828251914,0.365113515018219,0.376749075783737,0.251874779348327,0.233348699076112,0.251571099707511,0.269833504062188,0.259424566295837,0.230960154317963,0.256508526987305,0.299394352639673,2570.48491510473,2493.42298450229,2572.88093559264,2617.26010097952,0.259838148108582,0.254617968136389,0.259438548590879,0.26695375654289,0.336261286784722,0.32960504403172,0.336480380635108,0.344136619098654,0.283171522827775,0.270335813822531,0.282372030398573,0.295745928115001,0.0697384839235664,0.062007176485351,0.0690084911417353,0.0797924323399608,0.267,0.21
"66","PRT",0.435582460693517,0.416894090448794,0.433138736971718,0.467100497565975,0.325703036166859,0.295696040165278,0.320581186508931,0.380736478554643,0.46930520529169,0.377644047579802,0.441703851236253,0.756460589408652,8933.50945361425,8625.76315427227,8869.95472531936,9447.48254811217,0.228364492057278,0.214770290474349,0.229354788638332,0.235662070928567,0.277613445968132,0.259676657898435,0.279067475381039,0.28681941551071,0.368162028879915,0.345745002946349,0.365075455166088,0.404532038546849,0.126035568794901,0.101870592639866,0.120884392114422,0.174282398980188,NA,NA
"67","PRY",0.778690841089339,0.713220597803465,0.763848821626381,0.930177451151004,1.33670174255192,1.0378709239652,1.23406482212898,2.45260980677474,2.50845728715924,1.44056182488522,2.11943128037187,6.24903870094219,7574.12313423994,5251.41257314636,6356.48663449611,21512.0743828413,0.0677921149240965,0.0214102453974113,0.0724926404487197,0.087627809659887,0.112635264156261,0.0357720275719629,0.120442396505087,0.147091933325732,0.717308121356392,0.632163438560269,0.698359321618356,0.911186261027141,0.47002346920312,0.31945468669203,0.437130186631868,0.832141694857307,0.582,0.461
"68","ROU",0.324687101413518,0.314578676988588,0.32224994736499,0.381237909688371,0.179951853960859,0.167370013984954,0.176389302182995,0.263433435694736,0.217827772170301,0.186675166316649,0.204700582299067,0.632204873687909,1281.71293852961,1259.7372459685,1276.81410698167,1402.94364037985,0.287731654933352,0.262511002266564,0.288419452179185,0.293196935157629,0.331117274923969,0.30400713064278,0.331667463124912,0.336963783061479,0.269614601099579,0.259455665833978,0.267875759317694,0.328834251431445,0.0660144884310225,0.0566591163036067,0.0630611402985837,0.136338102703596,0.2685,0.2145
"69","RUS",0.633846108715359,0.586975720432131,0.620447996602912,0.755956018592169,0.746532213646352,0.623086004875658,0.703050792579969,1.1467665805484,1.35799846096108,0.884318893767053,1.1658578145325,3.29408917126348,5389.53725212026,4687.15743274682,5095.65817968282,7954.16779042228,0.131010196324549,0.0880238079566487,0.135807068533898,0.147618675400637,0.183515785941787,0.122452930474102,0.190177512843759,0.207772541017537,0.560817762739208,0.502917977052209,0.545173821280648,0.708136129530361,0.292299765723684,0.208150538815003,0.269157132306688,0.534588883229889,0.484,0.383
"70","SGP",0.53368608295472,0.501058140398933,0.522982045822492,0.877531008990955,0.511280313294115,0.433676498579916,0.474730681835362,1.83361693327393,0.842700400740427,0.559514378261004,0.690124597055601,6.38554455496537,10398.7409246054,9241.47728434799,9736.18647587578,38134.6612761593,0.174543594030262,0.0454605245570881,0.178221931469444,0.187414152370548,0.233359000001112,0.0613528578658243,0.238709071710273,0.250316870948198,0.451813544310179,0.414502449382608,0.439927060152464,0.855599640761036,0.187480788949707,0.134592183792125,0.169446189497409,0.783007176514317,NA,NA
"71","SLV",0.640886231633227,0.593452103953261,0.635723605211878,0.708345814681928,0.785157834503279,0.657602960203654,0.770246752790613,0.987719234867276,1.25843276539299,0.842211322358367,1.17945287633362,2.02463461573468,3405.18223478469,2952.55535661718,3365.57001955177,4187.03410731391,0.125210762823959,0.101173329817422,0.126398360706051,0.141701648507463,0.185241333128694,0.149319121649264,0.18735088998127,0.209785812365241,0.561642365190992,0.503363013613877,0.554899717171146,0.642863028350162,0.283224924693234,0.19643012636237,0.274149063609298,0.412985010013943,0.5195,0.401
"72","SVK",0.219411683793146,0.214315740064431,0.219152964576574,0.226291315019187,0.08183327045317,0.078034328677914,0.0815660556603398,0.0869283746668595,0.0916915988760697,0.0851542387641291,0.0912858161007607,0.10105257540347,5039.70173324347,4998.01211411612,5037.02099531619,5123.29553641191,0.354510176975974,0.350454308927182,0.354758307744003,0.358011796224563,0.362844560070622,0.359069376190711,0.36328636694216,0.365275502718213,0.204710887497408,0.200559331120455,0.204347573671282,0.210093794583847,0.0391991412425454,0.0353547216710754,0.0392231666468071,0.0432003199125566,NA,NA
"73","SVN",0.349032041098029,0.337185688386218,0.348075256458177,0.365556318741512,0.206265148419695,0.190653825999228,0.204678169113292,0.229344944162956,0.276601708257649,0.235452433671526,0.269429574832919,0.348012611914682,7370.70760695244,7198.82185960219,7356.17598541213,7603.26846800091,0.278399574413856,0.270682002550739,0.278380635792651,0.284666517486879,0.309698161755013,0.301364420869603,0.309851619288147,0.31555138550909,0.302468356377282,0.289982675352437,0.30107265375759,0.319313508895129,0.0861240481230129,0.0718063683848677,0.0843359539940728,0.103896568524836,0.292,0.245
"74","SWE",0.279748567573426,0.27426091643396,0.279565403124949,0.287900714710326,0.136448807237477,0.130192426381857,0.136390723760832,0.145079879256911,0.139159290766244,0.131281474242395,0.139206924690112,0.149591833846114,11230.4100502174,11090.5005293292,11227.7608652146,11385.884275308,0.311214279025135,0.307131437973422,0.311187463450493,0.31475495979578,0.358679759327607,0.355034162406036,0.358916018438169,0.361142037133198,0.226136164705539,0.220504386920486,0.22598019026806,0.233108341112697,0.0432602891591247,0.0399101995936436,0.0433608101445729,0.0464551867924415,NA,NA
"75","SWZ",0.799229736037005,0.758462443336149,0.805698613920447,0.832780473613557,1.36837852316312,1.17575548433201,1.39459070339386,1.54900606659313,2.34444496873015,1.79176804224535,2.41273068003205,2.90648145179855,886.754536763484,721.690011867607,901.528757749389,1076.36995997506,0.0621571557010391,0.0508096746392731,0.0603903610557822,0.0749050751575827,0.0965119712208115,0.079384627523363,0.0934943822730607,0.117015460605347,0.749775492350852,0.697223858271661,0.758050185564733,0.79166371659249,0.489672203098492,0.394706275368014,0.505485264540481,0.574543310272762,0.605,0.495
"76","THA",0.571933525772751,0.528044029331991,0.56118297529477,0.69984550340715,0.573898872752999,0.475670192710757,0.546009861858555,0.922974820627298,1.04787955328866,0.687481251854043,0.927346878733931,2.57576573707775,2484.75846325273,2232.7507835889,2389.94632522055,3513.10426995202,0.162534578060228,0.113692761565571,0.166775030197359,0.179072175084568,0.205796176580291,0.14417114020462,0.211213295931572,0.227023296031955,0.506371548999032,0.453823046726084,0.494773112790775,0.65392556678901,0.241389203657294,0.172012486129329,0.224366514358538,0.463811806122299,0.457,0.3675
"77","TUR",0.518380288710582,0.491366087713979,0.513898306508858,0.578895068503779,0.474212200688491,0.419566693504445,0.462781438420363,0.609326490969635,0.739960820428845,0.536510824754019,0.668005067100389,1.43817650120681,3060.36137371943,2885.56619716669,3012.3013001566,3476.79854851266,0.184103437858168,0.16157390978544,0.186199424468481,0.195525809556978,0.241980615039822,0.212763548945684,0.244406840783426,0.256368871707569,0.440172155619722,0.407231013854362,0.435114753583432,0.5112866153328,0.179283363750384,0.133467188787004,0.16766847292137,0.287597793362524,0.413,0.32
"78","TWN",0.350148284932467,0.33708655304076,0.347757601203439,0.432863510495645,0.204651724130697,0.188060202154907,0.200858663439451,0.337930926929972,0.270673681085242,0.225526459565753,0.252990496234125,0.995240516679957,11566.1806294445,11312.26787044,11530.2368868281,13272.5741305456,0.27359474125014,0.238285310442691,0.274533856100248,0.280555055790723,0.313294190798493,0.273961384235762,0.314283785534923,0.318827832721044,0.294421737395259,0.282641833123396,0.292636268698083,0.383014231952197,0.0791313206941818,0.0664051998328633,0.0764583679390066,0.190520494472072,NA,NA
"79","TZA",0.465144240209548,0.437656191430434,0.457308889071645,0.761128739911359,0.376964688065051,0.32388370184273,0.357194259250079,1.17616268814379,0.621227508572324,0.421101480513213,0.509749769596851,4.71425800615417,1008.61305891033,942.059478364101,979.588069108708,2224.84210067595,0.213018125131118,0.0951544422263906,0.215701287871386,0.225151962366286,0.262556366700911,0.117069372167348,0.266403079258388,0.277730129443444,0.395858378318872,0.3656543647735,0.386379059737261,0.730339875883972,0.149620306003121,0.112420173062436,0.136408092015344,0.618847052399774,0.353,0.271
"80","UGA",0.556825121044218,0.510750587064099,0.540889189567487,0.943688632575198,0.562352507063144,0.439241454689472,0.500161789754182,2.59922283229826,1.07019333439258,0.634157604408506,0.83088939419962,7.80828351845135,690.06199804577,549.017180335956,591.631126379546,4867.18961247637,0.17028984310197,0.0216047727184435,0.176538319126551,0.188994659684053,0.211318253100828,0.0266448788673327,0.219004717998004,0.233045016084223,0.493167829971814,0.442136095039797,0.473965086627211,0.93565732443599,0.234019831484691,0.160609089731344,0.206415571094261,0.901926975868408,0.414,0.335
"81","UKR",0.482292866081845,0.461204412111755,0.478062108552332,0.528419220671648,0.409980191194179,0.370732158080297,0.401521233440848,0.504217675426574,0.600385124598671,0.462298810494274,0.56310456967931,1.09134061103469,2960.71805248686,2822.86365294842,2930.65306683308,3234.27498277609,0.202242498361108,0.18462572757772,0.203758662742923,0.21099291650344,0.261273879222436,0.238474904687429,0.263407791473416,0.272766148753854,0.404793218373656,0.378843960553015,0.400625179387069,0.458902191614742,0.151279101466665,0.118185141050612,0.145109893889933,0.232236728836378,0.326333333333333,0.255
"82","URY",0.491002626338704,0.460775821926836,0.48360947166411,0.726282169211879,0.432430096271381,0.373843094480176,0.413475456850141,1.04551926837546,0.655199110881243,0.446843128257605,0.555451993878066,3.87553981281136,5193.1022885117,4840.03282750531,5072.34139568945,9587.26944287024,0.195913690456618,0.105019619565331,0.198229488271702,0.20784649084257,0.260134471252046,0.140167516043981,0.263447634795778,0.276991891172135,0.408104336241648,0.37176175600564,0.399215445377824,0.6815233998644,0.154483639969383,0.11149206332462,0.142525130652875,0.539264895104428,NA,NA
"83","USA",0.425199707949017,0.40972458193775,0.425637931895296,0.437061460679286,0.33995921841169,0.315418369720414,0.33978653284049,0.358206256862481,0.347835191559491,0.305744882740247,0.345735898133087,0.419556761308476,18030.1472833133,17568.5301182228,18024.7000979364,18539.7062839364,0.219497186352836,0.214149091602861,0.219250794103915,0.227801345290404,0.309105036369574,0.301535117472411,0.308607730296384,0.317667753735378,0.320584785335319,0.30596588422702,0.320953389725701,0.336902777594401,0.0820698416306984,0.0694654966458265,0.0818830765232133,0.103894406678988,0.392,0.2865
"84","VEN",0.514300758576765,0.482839995708829,0.50560290815333,0.823340502204093,0.486352020889583,0.415363433833694,0.46059459624368,1.48782295196,0.742248674868129,0.4798370188622,0.612441300098203,5.45431037447298,3334.7665076358,3038.58325668324,3194.22932600903,8996.16084149659,0.182413185517486,0.0658326800234701,0.185595419001162,0.195155057663358,0.251406036643597,0.0912953458006315,0.256527121256421,0.268058522001196,0.425846852475539,0.387134109379236,0.414699656048227,0.790358440173822,0.16696698412775,0.113674356752315,0.152230912960657,0.693138685982418,0.4515,0.3375
"85","VNM",0.450003308387328,0.416232329080633,0.442348116071536,0.70758768272644,0.346914956411302,0.286966177099129,0.328847892870344,0.973497243149412,0.586320056255667,0.37318555116162,0.490555597897519,3.9372811582815,579.985852669942,538.874397606273,566.254595863402,1087.79515997046,0.223101797694677,0.118590265146138,0.226226668574384,0.236838029712529,0.263153140796673,0.139691558548056,0.266835669513895,0.280384167544534,0.38956473007373,0.3520178087165,0.380414805097469,0.675186075497563,0.146755089056384,0.100677636069661,0.1352327987045,0.543222182386052,0.357,0.286
"86","ZAF",0.758802310709478,0.715066799306466,0.750170871989524,0.884297866141961,1.19073606022755,1.00926390167108,1.13927783042687,1.90763331350593,2.02246349653067,1.35399306450617,1.80098241808973,5.06656499967151,3787.87901136388,3087.22702131102,3561.06763372416,7569.13391501947,0.0701066882032027,0.0337692658819264,0.0720397658320532,0.0838747566653876,0.117329706406625,0.0558633158742262,0.120886237405619,0.137741159978658,0.686187218543617,0.62881868855385,0.674341785801698,0.849355573608462,0.399999602446253,0.289180542463646,0.372698723667144,0.714649293549675,0.593,0.467
"87","ZMB",0.641905321595747,0.613518158691761,0.638627914198409,0.704926441418148,0.805102229247489,0.726357058798093,0.794142542000962,0.992649526479624,1.13795524481048,0.863454475319196,1.05730917742718,2.1871627517946,697.846922075353,635.215694539877,688.843787860145,836.258910962627,0.114145003556211,0.0947203478449581,0.114847083790267,0.123992196853434,0.187566676350126,0.153581929453966,0.18872161131053,0.202288189923062,0.541023970249067,0.505252477447108,0.535939138715706,0.622714974725545,0.245184937457801,0.187694521051241,0.23365642492851,0.380644274605807,0.5655,0.411
