"","contcod","Gini-MI","Gini-MI-0","Gini-MI-0.5","Gini-MI-1","MLD-MI","MLD-MI-0","MLD-MI-0.5","MLD-MI-1","TheilT-MI","TheilT-MI-0","TheilT-MI-0.5","TheilT-MI-1","Mean-MI","Mean-MI-0","Mean-MI-0.5","Mean-MI-1","Bottom 50%-MI","Bottom 50%-MI-0","Bottom 50%-MI-0.5","Bottom 50%-MI-1","Middle 40%-MI","Middle 40%-MI-0","Middle 40%-MI-0.5","Middle 40%-MI-1","Top 10%-MI","Top 10%-MI-0","Top 10%-MI-0.5","Top 10%-MI-1","Top 1%-MI","Top 1%-MI-0","Top 1%-MI-0.5","Top 1%-MI-1","gini_ref08","t10_ref08"
"1","ARG",0.574288661217766,0.551692441162059,0.570878051626354,0.618989707535099,0.630712691921284,0.578105416576589,0.623846189605582,0.740909470757615,0.854348720423821,0.689609567143232,0.802439769047001,1.34362384299956,8575.16656864175,8142.43191913697,8537.00225591609,9531.07413830574,0.148683879020036,0.132043230252483,0.14956208761345,0.157867190599794,0.226847742211393,0.204377955344706,0.22888821100504,0.239025197727662,0.47533841475805,0.44897768512244,0.469831569228438,0.530070646944362,0.195805379317004,0.158929287473819,0.18781052018126,0.271099966781805,0.4486,0.3214
"2","AUT",0.330591948581622,0.320643015585106,0.33066446810958,0.343960592876,0.185920911631046,0.173923862547103,0.185938178066042,0.203471687006271,0.227412449253937,0.197858353071735,0.226388080404216,0.287494156979299,16275.226599645,15963.596104966,16248.6927594725,16633.0865512366,0.285514012523104,0.279215763654462,0.285629984735808,0.291294073006434,0.325953263438791,0.319216450611225,0.325975759874559,0.331051633906725,0.277655833795763,0.267664904282988,0.277657734751913,0.29072472706195,0.0704742591413456,0.0592168707966982,0.0706074549350503,0.0861777120783176,0.3048,0.2396
"3","AZE",0.430767331976442,0.411351066196702,0.427909910256293,0.454281842592071,0.316307378438465,0.28391617189905,0.311984172436988,0.354312483345425,0.463575627677092,0.367500641950208,0.45638707574233,0.583421686174865,2883.12297566875,2769.81734985884,2870.83543496157,3002.61459297514,0.233813864388238,0.223593593320405,0.234855642120413,0.242357025183264,0.274089415374892,0.261311950306551,0.275050240406637,0.284661834977536,0.371776881658855,0.348437429524853,0.370108898464982,0.397670999273665,0.129015850802953,0.10179617477146,0.128306834281783,0.154858478296674,NA,NA
"4","BDI",0.442384256707229,0.415168297740271,0.440454580220061,0.485399963292172,0.329978437138001,0.285073558831568,0.326204005731737,0.406477443998844,0.539721054593457,0.404466833777661,0.530049194350274,0.82832199480301,428.002070884924,406.183398839828,425.872056372992,462.971791981625,0.230488543716186,0.212331073568907,0.231525442169985,0.242165781404163,0.256516556527298,0.235864592425762,0.257578979563498,0.270251848892842,0.394463660273946,0.364653788548462,0.393409152651405,0.441226568524163,0.148611794070256,0.113794689256947,0.149014790909293,0.205615145436766,0.334,0.28
"5","BEL",0.341040422135847,0.330326718681985,0.340378287772457,0.356747456037326,0.199572390910005,0.186198249717211,0.198243220560926,0.220880648792413,0.249736003058481,0.217524117323023,0.244350621235796,0.319359034436801,14461.4685678837,14232.3812203684,14421.8719247904,14842.4343303662,0.280550324110849,0.27297665276262,0.28060115771519,0.286149650015789,0.321528480522902,0.313005437218939,0.322074870021296,0.327577357116909,0.287485185529059,0.276779228928074,0.286620762911669,0.303034396498345,0.0766180174958133,0.0661859290142387,0.0750984207740624,0.0960807553064374,0.2852,0.228
"6","BFA",0.533384515362995,0.500602347490137,0.532325411705985,0.576732539741072,0.492105511620614,0.426506952641879,0.490234757036968,0.585490340145995,0.823327555124602,0.611158212578153,0.810153640876915,1.1664999597189,903.989647921888,841.660914042742,894.45094242003,986.136592526234,0.182277869009842,0.165028600363287,0.182641947246488,0.195252722562835,0.223650967410991,0.201264436917275,0.22426774148213,0.241007805834256,0.470459336310069,0.433242446733319,0.470387408693452,0.519452886162388,0.205768727851271,0.156368015523965,0.203767715602936,0.272471173520299,0.398,0.32
"7","BGD",0.412870923123746,0.395377551663435,0.413217232739491,0.437398396853826,0.286969879979281,0.26067822638088,0.287607032615885,0.325177478121519,0.420290737590178,0.359625695353357,0.420277973334285,0.516288901567551,734.893404424182,714.665336139103,733.258077308196,771.085751191275,0.245265756741942,0.233430201252586,0.245770935961553,0.253587686304566,0.274409614999959,0.262675763889957,0.274916459617857,0.281799698478125,0.36353785381863,0.346385297119056,0.364275866939408,0.386696479211311,0.121934176546107,0.103357408442066,0.123014249860527,0.147724179159454,0.321,0.269
"8","BGR",0.327814365973289,0.318755128551501,0.326472932638965,0.370246845850765,0.186454602111257,0.175386119256242,0.184278798534116,0.251125981375764,0.21645460611588,0.188564686001415,0.207913386201151,0.560996437699734,3570.78402336508,3516.0578811434,3565.43554001148,3814.85955393835,0.284623225223304,0.266835715765486,0.285050543229006,0.290280088245731,0.334854396584739,0.31392582963902,0.335582067085317,0.339736236315081,0.267196781649744,0.25862430493986,0.265969016798211,0.313850267096598,0.0639839970835894,0.0541931191975699,0.0624413611126848,0.122229669889845,0.3498,0.2652
"9","BOL",0.75972696805849,0.710091716404485,0.744448468273552,0.871398719741758,1.2487549381916,1.05170209363417,1.17619961462167,1.86407011855779,2.18692873933089,1.44242594304684,1.84742317532807,4.56684656764109,5212.7548852912,4150.93322325715,4795.83941253554,9525.95473920861,0.0732630001608063,0.0389846644546638,0.0776480476268105,0.0891674487546117,0.12482491557264,0.0671137629273619,0.131975290847098,0.152033454014572,0.691134927671694,0.627312387333259,0.669978484402647,0.83472811206264,0.429960495240177,0.32147144841099,0.392187258725764,0.690137800603974,0.528,0.402
"10","BRA",0.763566674551352,0.69985781944389,0.762947450170591,0.843109244028349,1.21867008616765,0.966973273515725,1.20450099996323,1.6174269420271,2.24099274146848,1.35179974595648,2.17688053476839,3.59839985281654,8905.50383792647,6796.04092439039,8641.10445907932,13299.0143833847,0.0752805140473075,0.0491074386032335,0.0754225021166928,0.0950640921078371,0.118517613324589,0.0777059029401674,0.118668718862415,0.150352501020407,0.703686039153529,0.622407945235575,0.701460373724781,0.802418767524391,0.448030226876689,0.298547963824433,0.443401868166417,0.624432824155723,0.5455,0.43
"11","CAF",0.754971810202874,0.715597954074893,0.756394378819227,0.783565594079936,1.14064782425715,0.992251762807875,1.14351183878554,1.26438742996621,1.84674578509636,1.50379520817292,1.85972138120652,2.07591665466151,1198.49853030666,1026.37348942591,1195.99938511128,1371.07824057806,0.0796231834959236,0.0697314929308215,0.0794178019778548,0.0925774695787031,0.115942015063278,0.101330490479506,0.115842401139238,0.135040726146867,0.700524726156939,0.649806106286761,0.701951498855628,0.737055402218855,0.408774064120116,0.329108540745941,0.41221933777533,0.457990322497601,0.562,0.462
"12","CAN",0.41497167815497,0.394309835543571,0.416133269191631,0.42956987381608,0.319510258057509,0.288706971800696,0.3206154786737,0.346839168813026,0.36454780964472,0.302905217671031,0.360853536646443,0.44969861170772,24870.4930257489,23958.9971678033,24869.2916629594,25492.3505130222,0.233293101481331,0.22719851293328,0.232822294024229,0.24354006557109,0.308545827635202,0.301527452216322,0.30784761115088,0.319826856180495,0.329346394614399,0.30846463790945,0.33058584134737,0.344790631849898,0.0957815044659193,0.0773700127138516,0.0952756533166365,0.119699919986002,0.337,0.2585
"13","CHE",0.454546746512099,0.433389049977097,0.453253064214368,0.471306913335088,0.39341525617378,0.361391313184817,0.392257269372411,0.422286561771957,0.446418992765226,0.373152999233712,0.440426526152656,0.596658794667945,25742.4572026943,24909.7717358426,25726.103004448,26674.5985968677,0.208862843273378,0.202027828652582,0.208932678656494,0.218896997489955,0.293942812541386,0.28258495039252,0.294416107347697,0.307457176136349,0.357219511649502,0.334725406290277,0.355899489495772,0.378491574465759,0.110589581598136,0.0918674456781443,0.107822560233867,0.140467545151517,0.335,0.26
"14","CHL",0.761146018572925,0.68689520749402,0.75374388090449,0.928395536435468,1.16811741371714,0.863568173477712,1.10258738752016,2.33799321130851,2.52890384320283,1.38253297114071,2.21153672391877,6.03703899796119,13928.547361359,9666.99955611141,12321.2841273943,42370.8324412039,0.0817970194052948,0.0245451062536368,0.0845071182898757,0.107318848090386,0.109851684625,0.0328724461306195,0.113298051904505,0.142984459477019,0.715172708159509,0.624166734277599,0.705447374843763,0.91525680389454,0.477503480045525,0.311988511854995,0.461323403141394,0.842101439727417,0.486,0.3905
"15","CHN",0.544464973649174,0.533038139696631,0.543904981508597,0.556996119202247,0.558285200633895,0.531812054297888,0.558661251185762,0.590348013323758,0.590251551194314,0.540518937720428,0.586560258827179,0.666399786515731,2490.03251520233,2411.13198876592,2494.55517062361,2593.17317856273,0.149807630620607,0.144422857971135,0.149738076521022,0.155326746132663,0.24189250161986,0.236111831898716,0.241506308449085,0.247753402634174,0.418706547365265,0.40457431516118,0.419506886689046,0.431862247773298,0.119135007593525,0.103793896268409,0.118699321647821,0.139690582461968,0.433,0.3225
"16","CIV",0.536667686131928,0.508552445101663,0.529053074415098,0.607196146701863,0.512529546732839,0.453602765743569,0.494761231255382,0.677404254143509,0.810151150430878,0.593415469791873,0.736968048784731,1.64494198156597,1378.5210030518,1291.66534290426,1363.08046589069,1613.1460474497,0.174528511226037,0.14849668753566,0.17637643682686,0.186999086080005,0.233851685964059,0.199355301037214,0.237198308567153,0.248245735928959,0.456630221286037,0.424085287614434,0.446014537983226,0.540337715959943,0.191928802268893,0.144467061509501,0.185691355457868,0.318172084804663,0.432,0.326
"17","COL",0.783903256524816,0.707797286734372,0.775012530977674,0.998274220345521,1.37561915915293,0.969628498096248,1.22914047898194,6.15947762415412,2.58020580370188,1.37389265103919,2.17986410294902,9.11413334348247,24021.8477967435,4817.72210217091,6245.34767794127,867967.045497419,0.0658126320606644,0.000495039209475852,0.0688472353936137,0.0899208855091973,0.104341742464102,0.000784103457851486,0.108645668798847,0.142146576896053,0.725579525589301,0.629981243842713,0.713382987334386,0.997936449300304,0.474942819739527,0.298946145826142,0.452566285598086,0.996000986426325,0.548666666666667,0.434666666666667
"18","CRI",0.676572867110565,0.622970710620551,0.66537226253085,0.816972205613684,0.873572121582016,0.712198795649656,0.828132887664167,1.43371867663357,1.66036556839879,1.04524151753206,1.45004766635311,4.24754677211715,7701.91834916368,6416.00949562416,7261.62677687642,13200.5525328739,0.112808480255474,0.0641852992369913,0.117331149983596,0.131426413098013,0.160983124577222,0.0913553300205901,0.166603255971214,0.188119863022512,0.608507794118748,0.541854764161777,0.59681808504884,0.778738029036881,0.343332226425345,0.240344221563985,0.321124270005772,0.633134472304947,0.4924,0.3832
"19","CZE",0.30311887162544,0.295450699067156,0.303279291240178,0.313387811284911,0.156506507795446,0.147322671443033,0.157008638870268,0.168522981724842,0.193620813335685,0.173107935993118,0.192942936294724,0.220913096590647,7275.88976541968,7187.72867672787,7276.03153655028,7432.17659620927,0.304601855888534,0.299816941047758,0.304441755866435,0.309813087776561,0.331213196835603,0.325908732882028,0.331325349622251,0.335035082153562,0.26471126710186,0.256696560555387,0.264763790225121,0.275922410235773,0.0655036848507998,0.05707158014811,0.0654066102245711,0.0749836832952609,0.2636,0.225
"20","DEU",0.376561342688742,0.363208771874062,0.37643744897785,0.391985576775049,0.243667415121106,0.223926066227618,0.24317281780567,0.264218109894956,0.317181611643617,0.270157824977828,0.316138464152841,0.359298846114678,17380.8878546083,16961.849500218,17365.1777872309,17995.7700671891,0.262326800636113,0.254924266322857,0.262173177789209,0.268716729799432,0.303462707859536,0.295661066049945,0.303857963810112,0.310950368916662,0.320540768752443,0.305727321534061,0.319259880406179,0.336052752043238,0.0941983102385597,0.0782172942716334,0.0939291066359776,0.107093159248689,0.309,0.2464
"21","DNK",0.311512129475303,0.304755370972032,0.31016974908778,0.321554158906456,0.164832288827001,0.158365905536556,0.163184709880306,0.176743589122639,0.203101591474035,0.188704040800853,0.202774897915867,0.223989588263278,15376.0200549748,15176.8395557305,15357.039538138,15663.3207173573,0.300598409832088,0.295493906491427,0.300723677771935,0.305430673788626,0.325460442093601,0.320890965516341,0.325820933002646,0.329553781616534,0.273326111095949,0.26622467062193,0.272946587749691,0.283373523425349,0.0675582673775835,0.0612968245467178,0.0675481857491505,0.0752635296914207,0.2624,0.2182
"22","DOM",0.686934986495546,0.624575692779987,0.680513334884558,0.824649795472538,0.896115576676329,0.705189076158395,0.865408476606201,1.46596208726216,1.73972768149691,1.0122191333952,1.60112904977117,4.21920483045276,5239.91752109266,4283.78013485782,5024.70800955693,9132.0428399721,0.109888334281596,0.0615269783693444,0.112197443159742,0.131549489389398,0.153238914496558,0.0857831123840373,0.155600706396296,0.183433899220137,0.623936277013834,0.547558429991216,0.616023734109078,0.789640702832395,0.361553451185393,0.236071219258758,0.347936519784501,0.640966629507199,0.4904,0.3856
"23","ECU",0.691763882082432,0.643514004673844,0.685202498615837,0.761849420637002,0.929990860058491,0.782731841847852,0.905933405645317,1.17811685979121,1.64201295721885,1.12148396610763,1.53798508617431,2.59290532512762,5231.88199386925,4447.08900541873,5090.4665264287,6700.72711948672,0.105075275494601,0.0810986913764088,0.106587567906785,0.121715219715459,0.155442358122459,0.118634992010172,0.159364102716952,0.180312060641749,0.622480507532494,0.562633081934167,0.613746345349642,0.708597625968677,0.351199916677299,0.254795586892077,0.333530063426366,0.494970104691736,0.5046,0.3916
"24","EGY",0.393871465770828,0.377574323725512,0.393062549973859,0.414851637483613,0.260768682758164,0.235801244562421,0.259434519256061,0.294308313638023,0.390558566597769,0.321212378264704,0.386681582666071,0.504097733410466,1605.55941285743,1556.45902967892,1602.21216222217,1661.20695910975,0.256087392173131,0.247197466107153,0.256505059927678,0.262856183244484,0.27977240816411,0.268719641701426,0.280144963860437,0.2875190110815,0.350161103060375,0.330850513301706,0.349315115832599,0.3728628217144,0.116001069928498,0.0961909725680572,0.114886797058356,0.145154469268484,0.313,0.2715
"25","ESP",0.356045028999336,0.34778188025459,0.355983579004334,0.369664759236301,0.224843690562186,0.214373298048554,0.224221997841935,0.243435179149466,0.24842277019697,0.226926770346172,0.244408352624344,0.298117064660652,11765.559159356,11541.9299516679,11732.942472741,12062.2222405134,0.266201749542271,0.259752148048608,0.26606509521352,0.270825169212471,0.32892999108907,0.321545754556483,0.329668649857066,0.333768646607058,0.282699995439879,0.274751401333166,0.281619560405391,0.296193996777746,0.0692239849978963,0.0627048799484039,0.0679426684366943,0.0821038129455247,0.3438,0.2558
"26","EST",0.353490748217017,0.340874846301841,0.352097838507816,0.41296602389756,0.213000446187634,0.196523039578201,0.210951491618684,0.308270303840897,0.259801290157794,0.220253629813433,0.249202800857273,0.78550316100023,6788.10707362557,6646.28070284391,6760.77599098879,7471.3231593272,0.269175884222004,0.244895495106409,0.26969476708953,0.275012568620629,0.320978118282788,0.291369987341381,0.32167412358254,0.328486852794751,0.287778498179985,0.273677872119338,0.286584736542292,0.35408106219558,0.0736683968025615,0.0624524726416233,0.072973473035402,0.158545796829722,0.3204,0.2488
"27","FIN",0.335659362875388,0.325855507802386,0.335942057120722,0.346768318728086,0.192607943550312,0.180352087586423,0.192882757566446,0.205148803500328,0.243299141945244,0.217349232242184,0.242517256930442,0.269912285263363,14229.3810750508,14014.0643169344,14226.7604871861,14562.8351062624,0.285572791952728,0.279575440065577,0.285175420848872,0.290990938135681,0.319563474068765,0.313751683230016,0.319471208447938,0.324957510452006,0.288529811441772,0.277553923606834,0.288658927708574,0.29790284668545,0.0770926199303338,0.0669249374635295,0.0771354228593187,0.0859882060954981,0.2786,0.2286
"28","FRA",0.411509373189233,0.393131893412492,0.410770704217847,0.433800277893669,0.290417940054181,0.260599795962348,0.289035395951485,0.325501520766084,0.39988328679946,0.32288934796258,0.393398039567847,0.504265136086027,18972.7759961483,18259.369984111,18921.6972762434,19912.187596751,0.243188533163218,0.233463624060798,0.24333925403513,0.250610842991845,0.286632852751111,0.274661648781653,0.28680143064761,0.296167292189249,0.351117326414311,0.330435930912661,0.350439202979698,0.375959800714078,0.113576506827728,0.0905324142458865,0.113419872897469,0.140058935280398,0.323,0.2592
"29","GBR",0.419868793644873,0.406870485409385,0.420988257286892,0.44142641609468,0.307295702508776,0.287745635810854,0.309182951836392,0.343037661445108,0.410672762628718,0.35221957860474,0.411863915915035,0.510581532174408,23006.1122251183,22297.002157258,22973.5921734395,23981.7034705771,0.23667436655354,0.227389454405844,0.236556478980925,0.242810484885766,0.28914374580042,0.277926805951003,0.288938654211746,0.296990578229257,0.351716671444317,0.335478032426062,0.352229608854148,0.375072066194051,0.1134590852128,0.0946379457945844,0.11502636226342,0.139130263342805,0.3462,0.2682
"30","GIN",0.508803717839504,0.473776754542906,0.501033206709348,0.852144165732467,0.459420710507152,0.38298855376317,0.433243522188343,1.64844357141879,0.770859147987207,0.495061335037735,0.634814253242819,6.06431909945047,898.151362534644,810.099318255361,852.486532765992,2890.77845211734,0.188905459188073,0.0569636932401407,0.191837992137427,0.203019421712754,0.243589463539709,0.0731805660748457,0.247627591907012,0.261048606834027,0.432446462405699,0.392689692915339,0.423252540157214,0.82941293431383,0.175508323195753,0.123568844251391,0.160739765947508,0.750591277685538,0.394,0.301
"31","GRC",0.395887896335472,0.382797900270492,0.395554378141074,0.416915893977418,0.277166518462006,0.258630360812197,0.27567006106339,0.312492794551009,0.343664452858938,0.293496802184441,0.333520137651487,0.49495665403142,10971.1824549406,10709.9008573986,10919.066924695,11405.5886204455,0.246777568373805,0.237504923751994,0.246711276043489,0.252699932825197,0.306738299165513,0.296276706798006,0.307478237133069,0.313772734783258,0.322764013409753,0.308672745506994,0.32230266546316,0.346481989519752,0.0945012678557277,0.0804704473220181,0.0921105832142833,0.127639615613088,0.3408,0.2606
"32","HND",0.788382074901747,0.73774727642197,0.779438683642072,0.903144088725891,1.36190438420753,1.1308740899369,1.29816214559652,2.11984341086182,2.29061395651406,1.46020222761143,2.00787817356666,5.37266919324797,5301.49264598598,4075.39953149493,4879.65774081464,11075.1993901863,0.0576714332459159,0.026501342429334,0.0605352014140334,0.0714723355743163,0.103509101026944,0.0469808559376032,0.108141422050724,0.128694770986853,0.718563056022794,0.650918089909223,0.706585253786046,0.871439069256064,0.440072610405494,0.311340072512383,0.411707828634814,0.744255607834614,0.5464,0.4174
"33","HUN",0.321902073656542,0.312295647070864,0.321686288980477,0.337024495352064,0.178303910150995,0.166884640692969,0.177085004340967,0.197742774176122,0.210369251897364,0.186396052887992,0.20620949415507,0.261128506720487,5281.20325610816,5210.16890070994,5273.71969532938,5410.87322229825,0.290097319204353,0.282977620002275,0.289764611724935,0.295434206355473,0.332969032315203,0.32537468313826,0.333110383340749,0.337495880950431,0.26834653368079,0.25990654765775,0.2676492741016,0.283058783273111,0.0655201909089494,0.0576684638870332,0.0645748309057905,0.0816509914405723,0.2802,0.2234
"34","IDN",0.476989516057199,0.46150042336659,0.476703045232756,0.496886317403972,0.383054098551545,0.355643356003958,0.381943141865628,0.419272990388551,0.55804343826686,0.495798613306559,0.556725439737748,0.637236575357204,1616.6490112884,1570.03136644477,1614.25566909261,1682.57902394354,0.210689527793097,0.20247401607803,0.210871530933832,0.217466845828569,0.244224184008744,0.23434492206727,0.244326658885453,0.251809192244982,0.420013035195079,0.403092110931639,0.419243772460704,0.443705703016217,0.149158369771893,0.129652743771417,0.148872985898783,0.174059717432068,0.353,0.2866
"35","IND",0.404210166470645,0.3970145206778,0.404009626373307,0.418062395421556,0.269180384983086,0.2601333529324,0.268708455541152,0.288930269576324,0.354948769967484,0.336457958360641,0.354003599136233,0.385599103134331,847.681025499919,831.165252441444,846.834542326468,870.732004227685,0.248035216641652,0.241568123412137,0.24776572530472,0.252432886005018,0.27379645178336,0.267022749030316,0.274142677106329,0.278420355671676,0.354349112623087,0.346294126560722,0.353954443598445,0.369325037670156,0.0961244492788956,0.0895581849151438,0.0956088412294441,0.103028718340329,0.354,0.3
"36","IRL",0.367094488131292,0.355088531292305,0.365760874081077,0.386989120209877,0.229091275493967,0.213276993390548,0.226723226285593,0.256487713892838,0.297301571104018,0.255635729961106,0.284347102033503,0.402137076827572,15491.4855592656,15177.884958266,15461.2768809819,15970.4348474296,0.264994717299667,0.255682752463889,0.265512043872944,0.271108267103131,0.309097739440598,0.297962129242774,0.309782745131395,0.314828116137535,0.307928965550944,0.296701412990236,0.306194675841751,0.328443098575717,0.087156381357686,0.0754007073541426,0.0841465621429403,0.11032653613333,0.321,0.252
"37","ISR",0.488278254427313,0.469043700450184,0.487474330151531,0.512800837619178,0.450190798624738,0.415578257338147,0.448268791994375,0.497516431479099,0.507853232549459,0.424109362612255,0.500894396359724,0.626050435736754,10781.2832051676,10380.6358383332,10771.089439078,11297.3620015486,0.187111311273366,0.177141576100856,0.187589404176489,0.19444622884664,0.275295463606326,0.261821464775575,0.275115953077284,0.286411784556764,0.380948248345868,0.356810387627193,0.381057149863423,0.409985173896301,0.119297069856956,0.0942905171419315,0.11784681526245,0.148003578261763,0.418,0.303
"38","ITA",0.375704484677487,0.364949899468406,0.375752204951517,0.392618435801614,0.248723805746458,0.233803715392044,0.248391322506966,0.272981992837379,0.294395205795429,0.259583782851436,0.288327469887661,0.383227083036905,13394.510237838,13115.8622169363,13394.8615824148,13853.5367950402,0.256989952433647,0.249362996099192,0.256959073170788,0.262273748063527,0.316796825885348,0.308861878193406,0.317061315302607,0.323862400620038,0.303689291570429,0.29197386360959,0.302904047602235,0.321457403652223,0.0825985350969227,0.0717097709829971,0.0813730489048852,0.101106300763325,0.3378,0.2552
"39","JOR",0.434907483570373,0.410487619134952,0.430049014856345,0.475128878774077,0.320871293710895,0.280726857862467,0.311694431398892,0.392378145072546,0.491959050825711,0.369062547297079,0.459901531204942,0.808460836630793,2879.59703519782,2764.74249837428,2854.84926901285,3102.77356612064,0.231241742288031,0.213914744003479,0.233130228388057,0.241817425602511,0.270732855111334,0.251370541872119,0.27276653033636,0.282132044847351,0.375880874814814,0.349592402851504,0.370627988704992,0.419484709991817,0.133767064285825,0.101248214716727,0.127705642193351,0.192464904315185,0.334,0.272
"40","JPN",0.386524526879679,0.372643589724959,0.385558607849709,0.403561866505871,0.265400949430481,0.246590275000211,0.264804122984486,0.289415246862388,0.320809821395632,0.279308846518826,0.319603166929599,0.374390194372216,13476.587468676,13105.8018467736,13484.9644337154,13913.8476327228,0.253455370460412,0.246355579199468,0.253833610176967,0.260203744874989,0.310804131337068,0.301036358608689,0.311079399634437,0.318299237447155,0.317456230077683,0.302954028451114,0.317612555541611,0.338111954116428,0.090954879768991,0.0770436304676488,0.0913935137180485,0.1078545998453,0.321,0.247
"41","KEN",0.347259822715369,0.336094990832384,0.346217668440531,0.39286962079335,0.206068355808819,0.190176412768935,0.204698864109992,0.276263293257981,0.239748606577373,0.20695486566352,0.233025362532836,0.593756083557809,376.59880304609,368.913971750378,375.448925479537,406.928848186929,0.271454136968848,0.251498494675207,0.271955655301095,0.277495566956698,0.326106460783463,0.303124587181881,0.326533692531303,0.331790214746158,0.279322734243863,0.268666060188302,0.278162244528951,0.327783435307956,0.0676139929513426,0.0568502433680325,0.0667529824578007,0.127597163675979,NA,NA
"42","KGZ",0.465333531700471,0.441438073298276,0.458256973973915,0.735182509016428,0.381985268299743,0.336055106214336,0.364450579333276,1.07633896521738,0.576376456275501,0.406791096282966,0.475846119668641,4.16248061732681,1963.62466468951,1859.30310949804,1906.82351067974,3943.66696451611,0.209126482630599,0.102745710171748,0.212279622501923,0.219705524294355,0.269803812287191,0.133728907200777,0.273172418742483,0.281748433641652,0.385433333006377,0.360442706518104,0.377591326861866,0.694279945045052,0.137544475070884,0.103692730476694,0.12307983483897,0.565661984814147,0.3256,0.2608
"43","KHM",0.48813541533299,0.47124351504832,0.488079787182749,0.51126256030372,0.402912244418215,0.372026682377253,0.401855443747373,0.445615549911001,0.594254186271574,0.517749646644684,0.593766967159203,0.692195295057853,1177.24595936153,1141.3825960057,1177.69358101299,1240.20427239166,0.204958871410344,0.194640801662622,0.205172201468688,0.211560854592651,0.24011380372427,0.228593897764106,0.240125024930127,0.248138958278976,0.429738600220437,0.410132674443405,0.430177386215143,0.454482526917609,0.157768428183877,0.133918764955274,0.158482950841986,0.188403760523902,NA,NA
"44","KOR",0.421835635926399,0.402609324743721,0.421258896316868,0.442243451361784,0.324719313657287,0.296420664818017,0.322849269874136,0.359927199131931,0.386673774782229,0.333086189194491,0.376213057346845,0.525444255051567,14269.1560295598,13780.6523668362,14222.8692741739,14819.6528794707,0.230717336963121,0.222544375474632,0.230515920854321,0.239376945380596,0.3015926218312,0.291718238580959,0.302081598611692,0.312292533234831,0.338864541825073,0.317999331402173,0.336906947550862,0.362404396001367,0.102220973823755,0.0866521468815813,0.0993147155356502,0.134981028892559,0.32,0.242333333333333
"45","LAO",0.471788450437787,0.457380181223063,0.471673592340106,0.498351136933623,0.376856178271365,0.352974888359508,0.376521237154609,0.424128198865214,0.549754705532403,0.480616631853485,0.547251807115112,0.656416544467719,934.362190819028,898.095252273194,932.913390182047,987.578603467731,0.21323250612312,0.20179154440537,0.213579362284074,0.219963941349218,0.249646304176451,0.235868145947254,0.249628920279833,0.257902415405722,0.413225935376506,0.3974750908732,0.413382399477777,0.442189023847086,0.148317790627892,0.127319343233543,0.147991272103939,0.178757812939698,0.354,0.293
"46","LKA",0.553577303246291,0.51257269371705,0.54422658892469,0.653959052991625,0.530340532044665,0.441579321088229,0.50632478354803,0.782649592764527,0.991567448184515,0.6554938232375,0.860704057184565,2.24179080043436,2000.14135159607,1817.06156907545,1945.87028608876,2539.97436606146,0.173572195783699,0.13497150400131,0.176920494813857,0.18999126015384,0.20933475380907,0.16271104899091,0.213945572626845,0.229287677548653,0.495114735405578,0.446627660927638,0.484239539199156,0.609218986036998,0.233631896833044,0.165158563777459,0.219204259203911,0.407496626929987,0.3835,0.3135
"47","LTU",0.410314670166501,0.392502009317693,0.410136679741608,0.438044557989849,0.294950243220533,0.267999214574353,0.296447288141936,0.338706040300866,0.384054745757438,0.32810369984458,0.383999528824619,0.532322355667872,6459.67803583774,6294.96305743588,6447.17516292792,6767.43871077648,0.241159111006645,0.229319871064922,0.241692769327419,0.249968173609891,0.295628237644868,0.280477514139567,0.296348591607749,0.304001232223119,0.34119706256974,0.324713656934981,0.341275539131235,0.372149825062159,0.10670347224466,0.0903670094364119,0.107055464187503,0.140399386934819,0.3514,0.267
"48","LUX",0.357181781821578,0.346125446213228,0.356445072040394,0.37864727510887,0.218538343661595,0.203503846790016,0.217508568302741,0.24869080084577,0.281724936841418,0.241175021839131,0.276394326213203,0.371850746783755,24209.094228395,23689.1975386856,24104.460003346,25007.4829928843,0.272315597874033,0.262767799908845,0.272666062242322,0.277796630753173,0.312506008292693,0.301073853804196,0.312993272966347,0.31807482478667,0.303049059061568,0.290657232472018,0.302423268491354,0.326130562901234,0.0852392403469217,0.0709152821345436,0.084557784725576,0.108142234680944,0.3126,0.2456
"49","LVA",0.446959745679086,0.42969585677204,0.444055092787171,0.484313926979152,0.354219980550372,0.323550710080319,0.348950083729244,0.422869463514747,0.47437187949597,0.383097824446237,0.449907484607745,0.786431266084796,6732.48787479761,6475.62722510606,6686.52300592069,7193.72487523555,0.219156016149992,0.204579415253678,0.220286741332657,0.226503194748875,0.282033708022906,0.263436713422609,0.28371911531298,0.291255449239678,0.367883766479768,0.347347468840291,0.364294200191566,0.411560262381869,0.123234035883991,0.0987953844076468,0.118860104773958,0.183260047460153,0.3624,0.2714
"50","MAR",0.538805865179113,0.518182862378848,0.5389455949314,0.563271571152565,0.502004564504916,0.460293323728021,0.5023659599219,0.553150184744869,0.786633804832328,0.676491704420825,0.788693019214046,0.909441633888732,2585.19923540889,2458.70559383815,2588.06035152739,2762.34972873256,0.179319184099418,0.16863865155833,0.178706023790249,0.187250682192803,0.220504010123269,0.208126662344334,0.2205048011878,0.231809150966474,0.475485738080821,0.450582012871198,0.475159294488805,0.505272178210161,0.20047867270828,0.172304024655353,0.20148217733817,0.233269879233381,0.407,0.331
"51","MDG",0.584041741249408,0.53791945613854,0.576177600483224,0.944219395562591,0.621114124254366,0.494210219698279,0.577592730911734,2.60592707931941,1.11975174820241,0.685725836537615,0.958781268643547,7.76532243934303,528.457414323914,423.817538215975,462.786372051231,3556.66322532359,0.152978148713514,0.0204792231069614,0.156117986125014,0.170693558674441,0.201818649706915,0.0269401595600116,0.206151670974463,0.224965945771033,0.510425349194247,0.456297256581216,0.500406684844578,0.934457747286296,0.240337821412148,0.167289680040132,0.228929699073881,0.897498136311428,0.424,0.343
"52","MEX",0.693502710290394,0.640393499583796,0.69078119138366,0.761745088260797,0.927828364678832,0.766799162839492,0.91627045956909,1.16995763063937,1.66951632544183,1.11218959103942,1.62984125671861,2.63320318282335,6400.20895203225,5368.65482428797,6269.59217993582,8180.22165708184,0.105148271850889,0.0819146858356678,0.106154889555195,0.123935106977058,0.153104611674543,0.1172408453981,0.15424850094753,0.180416937364262,0.62652500619376,0.561527532201238,0.621669117608126,0.710271057314243,0.356736843906288,0.25189793247804,0.353012914036044,0.497600526563976,0.458666666666667,0.363333333333333
"53","MLI",0.509024980288253,0.478339857324928,0.503604917578523,0.594558264409083,0.45120730775952,0.392521051115715,0.437765795099189,0.641980804471996,0.724264939053264,0.515600552504544,0.659731263887529,1.61517694459832,758.411121772744,709.186669626933,746.175258615477,912.575808934938,0.191061196388473,0.15830882999217,0.192879360346419,0.20282935324355,0.242018534017898,0.20006129833557,0.24490531468285,0.257373407446166,0.437526064531803,0.400856339744221,0.430419555047475,0.536115826560513,0.178746865303833,0.130652669412181,0.170754439345928,0.32645163205537,0.3595,0.2795
"54","MRT",0.530496271852135,0.499665396855199,0.528140588437357,0.574183656728363,0.496528895037261,0.43389591381708,0.491167729609958,0.592336468104702,0.792196197581363,0.591201154965522,0.764024833977933,1.19576422968284,1330.73595773521,1242.44899311301,1321.12385769023,1476.97098709169,0.180472375642341,0.163123834057105,0.180973709608248,0.192654914640402,0.23353039854215,0.210672822083689,0.234543610694702,0.249725951753485,0.457408367966774,0.420662237811596,0.453236947704257,0.507072336893113,0.19406296696019,0.148299632602096,0.190312712709098,0.26341911744633,0.357,0.262
"55","MYS",0.584707885298747,0.552426480648526,0.579026403076056,0.907728538817213,0.630616981102233,0.541151544496294,0.601071155682313,2.11867666042546,0.988518739802103,0.702715563996174,0.840623262500518,6.83561979451618,6853.9898468894,6003.63210746539,6374.66084291533,29197.6652136966,0.145479728032205,0.0320523480112296,0.147542636411914,0.158380602602901,0.210733210484714,0.0468376100391527,0.213324635252211,0.226906143336522,0.493107569007449,0.456041199614923,0.486436673271714,0.88720354433803,0.211533591126676,0.157367161061636,0.199238046766378,0.822277166595945,0.458,0.3445
"56","NER",0.451787372039485,0.42295778651209,0.444557716182768,0.777363321475251,0.350604343721653,0.29505056492101,0.330953853495916,1.24445650109137,0.619055549292571,0.4066132436085,0.520472929420536,5.06233071299384,793.339870309357,733.477024186888,769.648585678971,1923.89026969925,0.223099865594137,0.0907008088780881,0.22520328744254,0.235648290217948,0.257589703657259,0.104207879539825,0.261464139074976,0.27128081693825,0.395654517379906,0.36486981849931,0.387401435186612,0.754669147714084,0.152134047588971,0.111861184196095,0.142071713115785,0.654647069213561,0.373,0.314
"57","NGA",0.679193080938765,0.626182798672079,0.665694489373105,0.815661736351062,0.880099730827824,0.717987345172551,0.827850615068365,1.42173650793689,1.69720433058924,1.04747572367695,1.47909332305663,4.19097931179994,824.838587351724,685.57286405891,769.474018182613,1398.51956126398,0.112263348897499,0.0647682276603218,0.116876497882717,0.131575644584218,0.159206045816073,0.0912678613652922,0.16622773713141,0.185672948769515,0.612629042425724,0.5457099543402,0.596707268861359,0.777967160480863,0.349407277550628,0.246852236702302,0.328145212169826,0.627445195180478,0.43,0.327
"58","NIC",0.634989102948709,0.594189258077286,0.632032728194775,0.697260883350011,0.779460948420441,0.673641070294399,0.767235060928902,0.968028836995862,1.22493474552271,0.86493816005866,1.17664390048874,2.07145594784477,2533.48283189731,2255.26000324045,2511.90684275751,3048.84828931834,0.126304951441911,0.105585628618841,0.127205008747059,0.141925610353449,0.191288878169283,0.159453793439036,0.192469003283116,0.213640785930369,0.551287895138172,0.501527026569166,0.54720048090107,0.628883863502807,0.273419559904156,0.196172510745274,0.264476379612828,0.408699949324922,0.439,0.342
"59","NLD",0.351032351754114,0.340945843106696,0.350781636198544,0.36307417796811,0.209956129529353,0.197393094964399,0.20960086354027,0.225518107359518,0.267840415415807,0.239095852433337,0.268111683955676,0.295340796115063,17456.9213012097,17163.9367842182,17416.5589034627,17866.1607808772,0.277543145503325,0.272010061229271,0.277811217968295,0.282311665213479,0.310880208390848,0.304772978459536,0.310669548604538,0.316399254615267,0.302827295666308,0.291730512616842,0.302599875775223,0.315164747392409,0.0829957333424969,0.072766408245956,0.0829358396650161,0.0922183530243257,0.2892,0.2346
"60","NOR",0.316386126119568,0.307140107675983,0.316325456100267,0.327812540000701,0.170807458936106,0.160376995200129,0.170305654958073,0.18413049106591,0.213243925501765,0.189087014518907,0.211759855495329,0.244495735669068,20447.3118298104,20100.9445054204,20413.4738812832,20879.7767259211,0.297040776221183,0.291494361225642,0.296860749093717,0.302715443791027,0.326143669306151,0.320607582450148,0.326101863032824,0.331472035605788,0.274838082194396,0.264539211790598,0.274870692674447,0.28571325612281,0.0702809827423331,0.0610615744823233,0.0700179179914532,0.0797995219623389,0.2648,0.2148
"61","PAK",0.386348375815579,0.367260906030991,0.386413277261286,0.417316388219025,0.25047080014657,0.222670126355652,0.249524353997684,0.302792657510815,0.38747964733559,0.308330185843308,0.377592981837643,0.623165910813298,923.055030410036,891.313466276325,922.640155280567,970.351090521149,0.259751993537595,0.247333465428506,0.259748819216718,0.268357813264256,0.280790295527501,0.2670844851277,0.280889657598197,0.290038082773403,0.344854814402044,0.323421638008614,0.34407726415394,0.380379187597344,0.114491309608712,0.0927439994349161,0.113447262727361,0.161590441533108,0.307,0.2645
"62","PAN",0.725933009977106,0.6596747191201,0.716525110650039,0.876862558694957,1.06211235978876,0.822865821862913,1.00802904692676,1.84266907596351,2.06903594991241,1.19478616215498,1.81421608570365,5.26219813416542,6289.50844864222,4776.73065083639,5774.69032538238,13167.4611724082,0.0909587958254288,0.0412394998329451,0.0942483219521208,0.11285953894241,0.137390499393919,0.0622258386096119,0.142425166869987,0.171131903463647,0.660905008684616,0.578252565921561,0.649437469904463,0.848253392119999,0.404374926435438,0.268106499699133,0.38383345855357,0.734307677260124,0.5268,0.4026
"63","PER",0.64443857423422,0.591659273869064,0.633797993122614,0.751780503318045,0.799180031142777,0.654487198933973,0.762922016477055,1.15252498838479,1.33971613323854,0.833539182688318,1.13734260241092,3.07932199484943,4586.69674203856,3956.49502598511,4398.71459716393,6470.48174330178,0.121029604068447,0.0848398467104165,0.124125500532207,0.140726666784057,0.184210615561459,0.128908122808697,0.189191967614537,0.21202441156703,0.559851851713847,0.497536727259052,0.546544952507551,0.693476245970182,0.283982242351973,0.191886362131957,0.261781680288692,0.501942275456119,0.4806,0.3616
"64","PHL",0.579539160875956,0.533013028732202,0.569655066163501,0.950727191567477,0.614893582230843,0.483756422565629,0.564375102142062,2.73264557608076,1.1300627938004,0.671618059355834,0.925294577424007,7.93970194562667,1994.81029928457,1567.05679388498,1707.99847725776,14988.4761721977,0.156383637998091,0.018307565642502,0.160981285220112,0.17453210609936,0.204078293442242,0.023871205888203,0.208586861049507,0.226523925010973,0.508176258254145,0.455105758534177,0.496424958722192,0.942523116754336,0.242012921541937,0.164377740423441,0.221763121126337,0.911075567993939,0.4235,0.3295
"65","POL",0.400768457714535,0.385242945857933,0.399229834724866,0.42399692532166,0.279242839151227,0.25651571256049,0.276264249043742,0.317518080816813,0.362032961695389,0.302563775263235,0.346551321691544,0.534972180566668,5285.20814311495,5151.6311205104,5254.22224199451,5504.90769589967,0.245198512617988,0.234943070954647,0.245696641663386,0.253287352169521,0.299887892293395,0.28630773989824,0.301016450278186,0.307847447804351,0.33112045863011,0.312318562783638,0.328702780527699,0.358030388365307,0.100091531450769,0.082205974022724,0.0972922384817506,0.136549556452301,0.3354,0.2648
"66","PRT",0.460184664772619,0.441108628905174,0.459522037261185,0.488211299409948,0.367900531926121,0.335493662172856,0.367093922405113,0.417651932632007,0.530487538313932,0.430839407699868,0.524036896874298,0.711223561684019,9907.81319133446,9534.07299142476,9883.99107742268,10442.7451284547,0.216148767055784,0.204756379225565,0.216370153248125,0.224173772491988,0.267358673471144,0.251356455183469,0.267972762126552,0.277546610811812,0.390871297226689,0.368687510712294,0.389433373450017,0.423232792186505,0.14089272927558,0.113285274485726,0.139914623748393,0.182286061294932,0.3642,0.2858
"67","PRY",0.726568803982072,0.656496885392163,0.71510779860913,0.895664612463485,1.05411622492642,0.80752456578315,0.989840295712285,1.99490972785187,2.0859817688422,1.15959737306121,1.84015760484196,5.41693993183152,6351.08809528386,4751.67901772163,5731.5070713502,15716.4739338413,0.0917026661012439,0.0352418980344908,0.096421380523631,0.115133005537562,0.135146530585559,0.0515696806427563,0.141228254079857,0.171761284685065,0.664329543746412,0.57704303501689,0.651672249734813,0.872459302652335,0.408803135711849,0.263607969404558,0.387728141912428,0.777971024494222,0.5136,0.4072
"68","ROU",0.438842869687058,0.42420572107274,0.439051905529115,0.456418635450763,0.354837324413942,0.331600793481201,0.355587969309287,0.385187203508471,0.399021827632471,0.345817940363208,0.396040542010573,0.506545522590355,2937.08457880696,2867.34716562211,2933.93148611636,3054.4070892265,0.216628503413687,0.209126013762165,0.216699749169024,0.223452074199232,0.297215746619918,0.288072121575062,0.297349184484671,0.305332742786512,0.343292256663974,0.326684710807971,0.343781495309919,0.363606141448501,0.0996965642644621,0.0834232732420628,0.0994753953485425,0.124786964625377,0.3692,0.2672
"69","RUS",0.569767678816097,0.524247982030385,0.556804457908404,0.949999122247774,0.592691787729539,0.467080003504001,0.535609007825684,2.71670873832298,1.09944696680458,0.66260441924848,0.88408441886836,7.89577525251419,9034.49355461913,7143.75029668731,7652.99893248181,69036.0007290765,0.162231911453604,0.0186854220858559,0.167458091119347,0.179746535164354,0.207473607973422,0.0240858742582046,0.213810350989392,0.231116806792312,0.501298193094562,0.448545794214165,0.486243019770546,0.941906603485384,0.237845296956682,0.165636068111923,0.21592517720948,0.909870578116997,0.4084,0.3166
"70","SGP",0.487286814951918,0.477629809871656,0.486848034544331,0.499036656073531,0.446075066554268,0.426002938454083,0.445415494893977,0.470637447575281,0.432021896955662,0.407056551038765,0.430767787006612,0.460351425196939,17933.435025382,17590.7250550792,17908.173887047,18662.92039884,0.176701201017377,0.170952929411749,0.177078662231472,0.182332743121067,0.27625749289624,0.269902443873739,0.27628630755562,0.281286427009497,0.357803746243637,0.34854461839271,0.357593474684559,0.369130322508184,0.0827995563643468,0.0751949309024021,0.0829508642470431,0.0939685330201007,NA,NA
"71","SLV",0.631665052408538,0.589724185968532,0.620086768128969,0.752233284388508,0.745421278246633,0.635803359314115,0.708631073553533,1.13864005248757,1.33383971033859,0.874972656437792,1.14978005321233,3.29659777131294,3943.98410417397,3474.33709196935,3782.24625582531,5727.76647597067,0.131097145517482,0.0890042232842237,0.134749231860381,0.146575720810091,0.186305768880342,0.126424575533322,0.191628462839966,0.207978605928603,0.556090301214391,0.502192213758722,0.543382280837367,0.702630529977481,0.28703995863832,0.206051934765695,0.266049177758397,0.525816065136883,0.4542,0.3532
"72","SVK",0.285183172059527,0.279043839631021,0.284970078804052,0.296265461381841,0.144345419686517,0.138529561805721,0.143786660281807,0.155535850044278,0.156320549646523,0.147444305684173,0.155135345028429,0.172340177000656,5217.24947190591,5151.17557318922,5218.95270765397,5355.08155937749,0.31283542001799,0.307038145161742,0.312671937981043,0.316930515351832,0.352615156794323,0.347121415935558,0.353028073329168,0.35649520200217,0.240029045728002,0.233746593528718,0.239022317296382,0.250041054010971,0.052054698608436,0.0489123358484802,0.0514076341394891,0.0596153252199689,0.262,0.2148
"73","SVN",0.268248960900551,0.261877457071708,0.268278689810494,0.277103416700663,0.122784117440408,0.116722251690986,0.122950254847679,0.13283931004279,0.14058930737594,0.128064565578968,0.140381186842902,0.161173818657369,11004.3445360293,10884.1474124152,10996.1120291713,11212.6663488777,0.32334279833373,0.318718000075443,0.323644339476024,0.327416356052895,0.349946026698391,0.345430354203391,0.34998371435275,0.354212763867246,0.233414944708759,0.227105406728941,0.233571005574986,0.240784770340733,0.050218383102395,0.044204480456595,0.0499539160761162,0.0575112415765184,0.2444,0.2042
"74","SWE",0.299349060056377,0.292219235845964,0.298394516579869,0.310844051657778,0.154504351894658,0.147134952263312,0.152970106968681,0.169112511547982,0.180643872311576,0.165300758544289,0.176185110063774,0.215276756288744,14975.1063749869,14780.3830271946,14966.4190692345,15312.133496835,0.304633857884108,0.299171422254076,0.304933777368434,0.308345124721948,0.340407628833076,0.333755386750585,0.340939972876441,0.344014398319642,0.254266269009616,0.247149961943922,0.252877628620491,0.266161011157602,0.0595866649035504,0.0541651864833405,0.058535409779777,0.0693499942689894,0.2732,0.2164
"75","SWZ",0.692188884733925,0.636819291190591,0.679723149620728,0.988540335726222,0.950749677437869,0.732818471687117,0.857021201966988,4.19709313136711,1.71621909331477,1.01146548879109,1.43614280680575,8.77245242078249,2436.37067044899,1343.72052496513,1535.67862566985,43820.0541373724,0.102135799894116,0.00372968944251355,0.106409125594311,0.120950384654835,0.149644826267689,0.0055082457473556,0.155233105966164,0.176741877086954,0.619915827513695,0.551097335919906,0.604212026293901,0.985913472995155,0.342200544882135,0.227044797071696,0.317830383985826,0.975063911529679,0.515,0.4
"76","THA",0.540374767594197,0.497632783229944,0.526628759850771,0.916001266783232,0.521920401286801,0.415643018603205,0.474719012197144,2.2008794786795,0.947345103603319,0.567301871402561,0.755758082514219,7.21472738630496,3649.65822031092,3091.33531219884,3288.70265983288,18691.1670478795,0.175918486337293,0.0319586607549099,0.181117139424584,0.19336451795954,0.221827449865402,0.0404599715469845,0.228230255256144,0.243063919940168,0.471205758012432,0.421724746365832,0.455890100319885,0.903302249382483,0.210350828698077,0.142403754701884,0.188947094000029,0.853467204466055,0.4018,0.3114
"77","TUR",0.487146014502254,0.468801690345583,0.484150224421769,0.520872274578076,0.428867699927441,0.395850930398862,0.423762962390758,0.49305850534297,0.585362923935531,0.477629283619862,0.552524602192357,0.80190369120167,4499.52993590762,4341.27957995734,4474.53740685614,4832.86077011179,0.198148274056905,0.184185079235904,0.199274966899087,0.205788085647179,0.264784530457126,0.246643515965925,0.265984047026569,0.273900758788678,0.40380477938774,0.381778556687867,0.40024981851042,0.441054860502242,0.147553047862824,0.119257260967708,0.14185513913555,0.194866650438507,0.3896,0.2914
"78","TWN",0.366889718887761,0.352192394625183,0.365415102976684,0.389784443205025,0.226624330747566,0.205762385884812,0.223168875901034,0.261907794309925,0.318175714331237,0.260396297171228,0.303906140390455,0.454434168016068,12953.7745433584,12651.4027456447,12903.9015234616,13469.2754961341,0.268297015300234,0.257898460856632,0.268972602569868,0.275442683119036,0.299879019339088,0.289240899518444,0.301056254403915,0.306692589265982,0.318315966345213,0.302540999092974,0.31645709566159,0.342533085789945,0.0958574415544067,0.0781640541360944,0.0931958108937255,0.126408616721881,NA,NA
"79","TZA",0.487353978677169,0.455452753747298,0.482662311454906,0.542243024644386,0.41215398223094,0.355476233805941,0.40315527469409,0.524239390714218,0.644944263846178,0.459048751884243,0.605406074024739,1.21038848783358,553.954169003839,519.83255767346,547.257962800338,617.69123086093,0.202612232305563,0.181196663970291,0.203983896073783,0.21576687581304,0.252348387543484,0.224952473334464,0.25456223202302,0.268725501310426,0.418042659243187,0.381745976985284,0.412358823205224,0.480661764720684,0.163698507005948,0.118078229439464,0.158061850031637,0.254424649834426,0.403,0.319
"80","UGA",0.552708024070042,0.53360341877561,0.553368640951042,0.569475335560869,0.529030005982285,0.490991415212095,0.529748852390431,0.565137349713935,0.737700303876816,0.68130903187423,0.734170803472874,0.802491685403056,1069.76516647031,1006.77500892649,1070.77589247036,1124.72171093722,0.169409137920925,0.162618778447036,0.169009602336658,0.178356717846565,0.213565026243191,0.206020119075299,0.213066592240335,0.22478712643779,0.483601004689471,0.462876196100295,0.48429448580555,0.505282025658115,0.178547468832682,0.161912140209508,0.177540351262708,0.195414864966329,0.442,0.364
"81","UKR",0.329967979239145,0.317767683232801,0.328067821034419,0.39532900242936,0.18295425786943,0.168228970326552,0.180086282255643,0.285504541264871,0.23713835593619,0.196170541580394,0.22037458832426,0.811833664342223,4278.8249043172,4191.34007765528,4264.90511149878,4737.98738329562,0.28604887573726,0.258636956933272,0.286583888983071,0.293074217510223,0.322343987723846,0.290771787721367,0.323354967822036,0.327734514500485,0.279699014149235,0.268381778767599,0.277451180482805,0.350379514011195,0.0723655690750812,0.0600545936006043,0.0690805516129416,0.163037219834838,0.267,0.2204
"82","URY",0.608619764419272,0.566478042467463,0.590063095832661,0.962630405535301,0.704418922174825,0.570200827318344,0.627641419520115,3.02150967705597,1.21221168291528,0.744860633449401,0.957597423071599,8.1032482242585,8771.51947390242,6646.17664560699,7127.05026507247,78696.3011717051,0.13857442649071,0.013085914294416,0.145328936262974,0.153434511674351,0.197186270106769,0.0187881835825751,0.206913205874964,0.218837131679151,0.526366892544679,0.474970473383571,0.505861225834361,0.95476146186127,0.253205701306309,0.170840338474497,0.222993863020715,0.927452357262346,0.455,0.3466
"83","USA",0.53324916764913,0.512820971681898,0.531243569125492,0.582739833513046,0.532556538656198,0.491856355747629,0.528125075546569,0.644609579246111,0.702805126004624,0.579411898397195,0.655831382096249,1.34871037481829,29258.1606982783,27756.4932781107,29174.9648265614,32430.4940238515,0.169515637523554,0.152709708756806,0.170082562957218,0.177771322426554,0.247576118153117,0.221242805245049,0.248955173682343,0.259040009741657,0.435959335509785,0.411304316211009,0.432050826983617,0.497378809918733,0.165533490843774,0.135904969994352,0.157825990953349,0.262677703558226,0.4075,0.2995
"84","VEN",0.570885300460485,0.532612991478775,0.557776989915616,0.935036263823296,0.627244579927759,0.520386157560676,0.57645473402104,2.49066789458029,0.997099557352385,0.628281000632976,0.793814259711558,7.58173503129322,3884.53150857144,3244.71568786181,3431.88459858437,23472.1419437857,0.153955808821751,0.0234042777415665,0.157768708709414,0.168131304772038,0.224079374396981,0.0338730264014772,0.231080555901537,0.244744814105581,0.479890914613568,0.434342311895146,0.463891147645314,0.921733798507475,0.211594424442052,0.144713404559527,0.188099365455872,0.880855503023315,0.469,0.341
"85","VNM",0.454575610028762,0.433482070752635,0.450963109372944,0.511696877735279,0.352976218203398,0.316696845591566,0.345255697257198,0.463750502429077,0.532844825663797,0.41207104359364,0.495171110829412,1.03937360621261,1243.63953797632,1194.02659663049,1231.32896589502,1381.0293661336,0.219087185087114,0.196685860279084,0.220446101457473,0.227977488564173,0.265753592274651,0.238311138420518,0.268001945537461,0.276010973237275,0.388182342125852,0.363563928798591,0.38350674881197,0.452747494214926,0.1404130260125,0.110478157376398,0.134279851974364,0.235103849631472,0.369,0.288666666666667
"86","ZAF",0.882428600408701,0.799374435536952,0.871958193587707,0.999758667476307,2.12207731240192,1.3806937021268,1.83324370373699,8.64078570247033,3.9401479747487,2.01117250627655,3.35926025299112,9.19387328312087,190497.624265222,6200.07321207646,9707.78245083185,8880845.08435706,0.0312962971506645,3.77085601137666e-05,0.0340401279291429,0.0540799499551931,0.0542705254012212,6.49962045021675e-05,0.0590238135723994,0.0935004125735076,0.847118436334722,0.739206954298091,0.833021928257524,0.999816442196651,0.655532495962361,0.419331401142595,0.626252477533029,0.999581383111213,0.632,0.513
"87","ZMB",0.777443836558713,0.702262005110013,0.759525439068857,0.9986317794156,1.35406468068519,0.942609618498416,1.15865156299872,6.40270572714402,2.67580055972869,1.41783503475292,2.16587662058207,9.13649808053974,5106.26295513031,820.185347998194,1028.32685794126,197241.169133056,0.0713307771668799,0.000401796911316233,0.0768752472441243,0.0967716660286051,0.108102660991724,0.00061226813559545,0.116807133365496,0.145924847095867,0.723144296763437,0.631475554511146,0.69950400271818,0.998419417619125,0.485001739397706,0.319112091675958,0.445062950304064,0.996962387575426,0.551,0.442
