"","contcod","Gini-MI","Gini-MI-0","Gini-MI-0.5","Gini-MI-1","MLD-MI","MLD-MI-0","MLD-MI-0.5","MLD-MI-1","TheilT-MI","TheilT-MI-0","TheilT-MI-0.5","TheilT-MI-1","Mean-MI","Mean-MI-0","Mean-MI-0.5","Mean-MI-1","Bottom 50%-MI","Bottom 50%-MI-0","Bottom 50%-MI-0.5","Bottom 50%-MI-1","Middle 40%-MI","Middle 40%-MI-0","Middle 40%-MI-0.5","Middle 40%-MI-1","Top 10%-MI","Top 10%-MI-0","Top 10%-MI-0.5","Top 10%-MI-1","Top 1%-MI","Top 1%-MI-0","Top 1%-MI-0.5","Top 1%-MI-1","gini_ref08","t10_ref08"
"1","ARG",0.865962457294574,0.787479108048237,0.857763159744123,0.999752796665789,1.96934336950345,1.29060418896738,1.69528801308,8.57190003111961,3.76978546946074,2.01589969889519,3.23804434628354,9.19419105503671,688409.939719147,21582.482138754,32192.7037525146,32219692.0131247,0.0388205073361069,4.18560230387639e-05,0.0409963916067204,0.0621573362322317,0.0619159877042533,6.74462166612682e-05,0.0651626718279253,0.099810536940902,0.830443846534306,0.730532642197342,0.819892218195535,0.999813257333025,0.634557659663294,0.43087253991058,0.611213123360588,0.999581722792172,0.4486,0.3214
"2","AUT",0.469875396259384,0.458930529559008,0.469657707156152,0.487420470856876,0.369725816265543,0.352361871892557,0.369781472390628,0.399327605512002,0.499457033626717,0.46592780114663,0.49815762911758,0.546186961207554,22549.9068328426,21919.7725501576,22524.3625500481,23455.3390064326,0.212266220187179,0.204443309530395,0.212394924099927,0.217739198390208,0.24859087096771,0.239030812194431,0.248781358093473,0.253780670471293,0.408617338011907,0.397065146639003,0.408474592247371,0.428538906178654,0.127118086737262,0.116830341324799,0.126235373263143,0.139616539091442,0.3048,0.2396
"3","AZE",0.649765940028247,0.629777093027986,0.650169164732443,0.674943013139825,0.74948304788354,0.694839237772085,0.750002428305574,0.821961059933007,1.21039091308118,1.08696222984384,1.21722950444338,1.3549575984463,5397.90022437118,5081.04205366324,5399.67228164504,5832.61525818423,0.127609467767312,0.117870334869858,0.127346588643037,0.135670523221015,0.156193764439227,0.144024646512504,0.155963241358187,0.164879345030738,0.596648914804789,0.572708806575312,0.596394276187663,0.626738400559552,0.286386194802364,0.256355005181083,0.287830116328353,0.324620026554394,NA,NA
"4","BDI",0.386908623854187,0.377282506524345,0.387035058972169,0.392420523980791,0.235890064431821,0.223886684521675,0.236021466816138,0.242908303881522,0.263684598473275,0.251785633864924,0.264364434967847,0.271204464029784,399.42418422567,390.414308594411,399.720966302959,410.929557013671,0.243359393797369,0.239063548841346,0.243255244369471,0.24986812597304,0.278180019228942,0.274249978094225,0.278088070858197,0.283510368854574,0.311508371673505,0.305858580240841,0.311677818782019,0.31692075876893,0.0502020057711361,0.0458933673161018,0.050293265899632,0.0550593247092379,0.334,0.28
"5","BEL",0.475100200729272,0.4613731679137,0.475260619570308,0.491610524649924,0.378306935964103,0.354696463827293,0.378352694614524,0.406233734696043,0.505677908818353,0.459333284987814,0.507632965205433,0.546695900599778,19970.873733096,19430.6186146064,19958.7123263975,20764.1753115199,0.209008818877636,0.201420044916838,0.209025337115383,0.214464146735281,0.246589015059271,0.237481364615555,0.246483159585558,0.253527639451332,0.412119252910549,0.395192285352707,0.41242961067235,0.430458613388911,0.126251848015529,0.112746928316742,0.12639951034896,0.138917586457244,0.2852,0.228
"6","BFA",0.792799792286621,0.748770254032403,0.790897754732497,0.843298116007708,1.28241836167492,1.08429955637977,1.26767854821792,1.5577176225602,2.35174250456433,1.8909173689859,2.31322201986037,3.10487116242706,2489.74140595974,1995.93049118139,2449.92531771437,3264.69073181566,0.0683479059980776,0.0509563099373203,0.0689983278412336,0.0841414459835301,0.0924032103941237,0.0698143476514254,0.0934745370227996,0.113965431862904,0.752750139897382,0.700926223866714,0.749882541178449,0.812174926150137,0.496223157349549,0.406895242316138,0.491827337603638,0.613658344979424,0.398,0.32
"7","BGD",0.41458652862876,0.405752645477567,0.415161706011682,0.419561715506622,0.273631378594562,0.26172907575679,0.274454119068298,0.280567892989257,0.314249601485352,0.302907106926074,0.314739948868423,0.323331656513974,780.483504455053,761.993501355454,782.37252527914,797.555784613772,0.230561201708685,0.227241341219589,0.23014162555802,0.236205328483128,0.265440657482579,0.26117350229188,0.265327078833457,0.271121852418332,0.340161192016779,0.33421782299178,0.339955791052502,0.345767696085979,0.0578523701851699,0.0552307253245051,0.0575633867937991,0.061526180249306,0.321,0.269
"8","BGR",0.471384500740646,0.460878635627569,0.470989665162414,0.485707214881655,0.377786747760947,0.360915841021616,0.377643689053233,0.402197047234349,0.511070118166137,0.474468591138899,0.509406426674203,0.56180654673999,4985.97247230978,4868.32682155499,4967.73612870097,5156.93846692743,0.21135058835653,0.205310029468378,0.211548598394248,0.215392320486832,0.253768859111914,0.245907553052047,0.254206946140879,0.259094611375464,0.406666917573777,0.393527101248053,0.406270285840737,0.423575496185147,0.133255661455674,0.121136486686191,0.133222709989961,0.14738957765825,0.3498,0.2652
"9","BOL",0.898562855895018,0.838616931170656,0.894860264951238,0.999767002401799,2.36926259317149,1.72012167538694,2.15609911988693,8.82438211583713,3.83889808942316,2.23742724342905,3.38041542683871,9.19674143062102,280025.918288397,10223.084084317,15989.2518598111,13030189.3997921,0.0219862099537775,2.86413480549649e-05,0.0224877910042391,0.0356109642705569,0.045903307746351,5.90546481334674e-05,0.0474763112878309,0.0739993758898855,0.861113507293135,0.778910593431442,0.855919699711022,0.999819436304213,0.655568279603731,0.45932277875615,0.642151176870316,0.999528449368181,0.528,0.402
"10","BRA",0.89397485449377,0.835127750537314,0.890376373832294,0.999751668550106,2.30173362023067,1.67026800387882,2.09370248860737,8.70255693185566,3.78172364352141,2.208095206433,3.32331265537155,9.19123653946759,419761.774509944,16921.8035796887,25836.882293104,19456929.5878054,0.0237297678065842,3.24675815689674e-05,0.0242201239884152,0.0377731224743229,0.0483452009192394,6.70555956531194e-05,0.0497295026880794,0.0752959948926991,0.855608914316955,0.775537738426521,0.849815496740803,0.999797680747362,0.648424863128103,0.454206383789357,0.635130153040336,0.999491214989713,0.5455,0.43
"11","CAF",0.898753450144835,0.840016449425038,0.894855492629105,0.999766027403997,2.36997641749443,1.72815848288916,2.14977028707757,8.81760881506269,3.83656355328308,2.24932040105333,3.35269757091952,9.19656206512551,66660.7637676558,2472.47702749506,3825.2735411723,3100736.84196058,0.0219267450806009,2.87659824289263e-05,0.0226354984143283,0.0353037606449275,0.0457704373391797,5.92833217376825e-05,0.0478404071007958,0.0732719537774335,0.861396005914085,0.781029033975993,0.855752358457988,0.999818297194854,0.655772798761779,0.462193484323745,0.640440530157834,0.999521769154274,0.562,0.462
"12","CAN",0.60229759635477,0.585513635989354,0.601531120309771,0.62484311154888,0.655634791072479,0.617361137722362,0.65256192907976,0.712477449160724,0.947858736134537,0.860937086518631,0.948524532759841,1.07134032268888,41735.7574368164,40136.6794043595,41569.1289544416,44418.301067007,0.144925151058174,0.136014426454632,0.145274365751289,0.151809235753652,0.195989858187001,0.184243934406132,0.196133942709355,0.204415022519878,0.529128537819852,0.509061950737224,0.529187569623712,0.555676992330212,0.227688544632218,0.203207562530866,0.227585029241387,0.257551060613396,0.337,0.2585
"13","CHE",0.66968641466697,0.643421126430672,0.669174849941811,0.693889116925187,0.849860055822252,0.775410143869656,0.847771673995416,0.923886986929161,1.28710233278421,1.11217814473814,1.27404039542149,1.46602729974386,49720.4843919299,46151.078612814,49391.5486483686,54461.6217014449,0.113933617794217,0.104647852534545,0.114271101980159,0.122779179376475,0.163741057166478,0.151025863801534,0.164331312984873,0.17672224457296,0.599380529916435,0.564960331123421,0.599014239956253,0.629757122526027,0.297986028528587,0.251669065684257,0.297955504496525,0.343618485889402,0.335,0.26
"14","CHL",0.886948304102629,0.824309785319999,0.881062520501949,0.999761485049595,2.19106077410677,1.55660542726197,1.94749393209952,8.70564134990877,3.79065620301797,2.15507750759689,3.34087935168542,9.19745735264545,628916.642044561,23552.3444479216,33386.9986762912,29311304.2330719,0.0277133589951372,3.3906875584312e-05,0.0293722545100524,0.0427525738741606,0.0518494502009352,6.28593660929296e-05,0.054870989525964,0.0801508246430082,0.849617630218875,0.765882406829515,0.842283105339637,0.999816833405813,0.646643760710602,0.440626905119154,0.624353101173727,0.99955211025622,0.486,0.3905
"15","CHN",0.877380046227548,0.796474323481395,0.867434791375588,0.999755473557147,2.06820410291233,1.35070352740494,1.77916452154715,8.6032562484207,3.91209880682008,2.06069378607863,3.31082384823545,9.19797308763398,218458.894937552,7083.76118670998,10922.9443851325,10193174.1734767,0.033627158807106,3.96469860985081e-05,0.0366418134595746,0.056378632198495,0.0565017001874629,6.6374993590278e-05,0.0612627541940907,0.0934127999922829,0.842014063747409,0.737778651847297,0.830242332336053,0.999813999470821,0.649578734322966,0.423813736319439,0.624487198893993,0.999580417679811,0.433,0.3225
"16","CIV",0.846909040869968,0.76105615844446,0.846933646871743,0.97373644724655,1.67282304546949,1.14247293214196,1.5876697710565,3.35307288088232,3.53239584908079,1.87739455587167,3.30858169605401,7.86034461350406,6497.51884942957,3248.50986961476,5042.3214775949,29945.8113763412,0.0486364150637576,0.00831616617128031,0.0490698455506906,0.0763631301982788,0.0691915086049263,0.0119194074209151,0.0690642151678411,0.108822301855156,0.814026660070231,0.708475007168351,0.814338202362764,0.968609981016909,0.61484963756908,0.410110104646454,0.609580544650007,0.93385912333885,0.432,0.326
"17","COL",0.903399845030399,0.847843850376675,0.900417893456469,0.99977237829554,2.45406391353534,1.81457628219281,2.25580577655158,8.91545370593165,3.89395562776223,2.31337341422526,3.43562943468435,9.19148725029309,337126.043819038,12518.9500732482,19943.0129447387,15695618.7975531,0.0198971687124088,2.57651871431913e-05,0.0201590314713871,0.0322031494355846,0.0434707589315176,5.6136474812975e-05,0.0444023282702956,0.069619204501802,0.866374296490428,0.789563615085475,0.861754871348407,0.999823873739728,0.661955627043118,0.477097166522503,0.648207540888822,0.999534581035484,0.548666666666667,0.434666666666667
"18","CRI",0.876222551302049,0.797654553789836,0.870747309884,0.999759981312466,2.0795887177319,1.37156906668226,1.81970741078701,8.64562001346114,3.83188715605469,2.03490907348859,3.3449556529839,9.19393492608261,483861.846502041,15184.950491772,24652.018285728,22598909.9033063,0.0333266808393528,3.7811754131423e-05,0.0347735783834256,0.0545202380975715,0.0573093071018105,6.43204379150124e-05,0.0594211960600727,0.0946800288575515,0.839425093108005,0.735888728702684,0.832567671999656,0.999818802996529,0.641816615659696,0.423814507999537,0.621884376732166,0.999588670683667,0.4924,0.3832
"19","CZE",0.36517591923758,0.358307203870541,0.365540350415411,0.373744544650524,0.215946674716701,0.207593897698306,0.21655038475267,0.226770828992204,0.250521978319625,0.240903282475453,0.250596315079081,0.264266888460478,8531.75535051778,8373.40729912505,8540.11259991829,8666.87434203764,0.264765437602219,0.260459847512325,0.264424375418887,0.268464928963006,0.294688658249786,0.289988664081711,0.294675568834726,0.298528417409177,0.308601953797451,0.301947115786504,0.30882196410593,0.317245705922968,0.057973998414597,0.0552152318090901,0.0580178420888522,0.0602637593779254,0.2636,0.225
"20","DEU",0.492516611011505,0.482981030204985,0.492359290892832,0.50116919679595,0.402968837872372,0.386147137669661,0.4023930583343,0.418712592949677,0.515646653689931,0.487694364379283,0.514532184715145,0.542462642937437,23664.0161767847,23064.2138232742,23669.9123836151,24362.5493400622,0.197028050826897,0.191293510550793,0.19675215064297,0.202677105147723,0.234650984819187,0.230183258394235,0.234735825942271,0.239467474531141,0.424413097968087,0.414359115475543,0.424131816017924,0.435531477802909,0.11369006485071,0.106442303774997,0.11403678579236,0.119603865498336,0.309,0.2464
"21","DNK",0.479825362444779,0.45767748770934,0.480642258961127,0.502939405290159,0.388199774786103,0.347597146216265,0.388844029931084,0.429541512571328,0.617723540566631,0.494040908371456,0.625503284460513,0.729979691892349,22223.8147521244,21280.0739653541,22210.9348791807,23472.2292668359,0.211377048603685,0.200735144420932,0.211256440885322,0.220612100797368,0.238041491052185,0.226332911389909,0.238064981645449,0.249009929121964,0.429683608981345,0.404340611738013,0.429235311296066,0.452657383073182,0.167560462029478,0.13111871553915,0.1683738979458,0.195626163168522,0.2624,0.2182
"22","DOM",0.876059649079209,0.798444079323401,0.868446904706954,0.999761532235647,2.08254699908634,1.37849224150013,1.80385324059678,8.65805490252222,3.80759330810636,1.99378987810151,3.34462066537535,9.19419010682899,321330.316221175,10052.6454705894,15905.4542661008,15008836.9165151,0.0332753781530789,3.74176956593151e-05,0.035298918524249,0.0537542227327041,0.0574223040860539,6.39109472529087e-05,0.0609273425534984,0.0937158939905215,0.839113232023683,0.737773922227876,0.829570701511471,0.999820254045565,0.640221946682867,0.412415494498046,0.618189930485382,0.999597307833992,0.4904,0.3856
"23","ECU",0.883532172362994,0.81692403389887,0.878943611102782,0.999742179692847,2.11199312955366,1.47012761678549,1.88661981549421,8.53602531277335,3.80589516724946,2.11622400218082,3.32918377586129,9.19166498423808,293504.71365437,11599.0388528384,17239.2361963484,13608667.5633609,0.0301622239966875,4.04231429218717e-05,0.0317874592698058,0.0482084415039987,0.0525346318164667,7.04965626855912e-05,0.0545874979310735,0.0835205864654515,0.848188024340176,0.761268498702538,0.842288315233769,0.999794704367718,0.646567461342859,0.446108094162678,0.631313199848695,0.999503866029671,0.5046,0.3916
"24","EGY",0.417891587837407,0.411433130774569,0.417920459518689,0.426564997454347,0.278354467000724,0.269456728138031,0.278415136051906,0.290605448040377,0.328218737323225,0.317776498361996,0.328962411578982,0.343244732972866,1786.77475452789,1754.06860315635,1783.47971129155,1820.94483543936,0.230643732579503,0.225814028436679,0.230627173679799,0.234933519564991,0.261145320908019,0.255899455227966,0.261463380233914,0.26476564116781,0.34926150170441,0.34165916853478,0.349648829769602,0.357284692373345,0.0636301221572889,0.060899161939303,0.0633086968309291,0.0693729143348671,0.313,0.2715
"25","ESP",0.504260780233273,0.493215149101946,0.503977472222165,0.520098631197979,0.439696872528978,0.42047090882173,0.439230681683731,0.468795974376565,0.575676721462528,0.527702223733488,0.574710744506769,0.624776501518243,16970.5884843508,16559.5707835439,16874.8925827727,17684.83500751,0.19240178445017,0.185341761351253,0.19297050326866,0.198179275328063,0.241913788024045,0.234696321615898,0.241960497916525,0.248076233858342,0.431712423460927,0.415971541995752,0.43189869387307,0.451359175342346,0.141463679945414,0.125286672103317,0.140628365435049,0.153289845769693,0.3438,0.2558
"26","EST",0.556150731313729,0.520926400880622,0.550496042474683,0.628182834444412,0.537064485021142,0.460930458132657,0.522137816674476,0.710293631573211,0.955865459439639,0.687295661037168,0.885659821011793,1.70486396660296,11030.9077589566,10108.8665535617,10817.2965012604,13150.8242359857,0.171920324528261,0.143802375933122,0.173435915061907,0.186189444991103,0.210673332068046,0.175704639138363,0.214079887656493,0.227972547034087,0.495363888373631,0.452906769714203,0.487902348522518,0.576862017570448,0.230255143759181,0.174028549737542,0.223800849252863,0.350871314768324,0.3204,0.2488
"27","FIN",0.480810846382021,0.46899730786817,0.480781624375909,0.493738650041126,0.385930468020075,0.365635926499318,0.385271372077642,0.408894793230671,0.539383956548652,0.501329256812989,0.538662233914638,0.578637269082582,20011.9541720338,19486.4655517889,19928.2506486935,20709.1330547473,0.207495456126011,0.201197719481969,0.207617720994644,0.212950323273093,0.239851199044573,0.233326001309476,0.239711713374842,0.246364049845412,0.422651143743027,0.408241642389875,0.422465004952171,0.437445917107128,0.138097277536277,0.127821009204962,0.138622695037048,0.150181205323571,0.2786,0.2286
"28","FRA",0.584912798922539,0.567727273666725,0.583362346005412,0.604489575916983,0.588626161122711,0.549809814020207,0.584704707758289,0.634867529328713,0.848923742171428,0.780978861222459,0.846239072191606,0.926100337046663,30555.2988388011,29338.2278556738,30504.0465921097,32470.8293866515,0.154622724681188,0.147209491506618,0.154535207114915,0.161766169679192,0.189816718579638,0.181255131928024,0.190313439493898,0.197719176906198,0.522276505933061,0.502490906830071,0.520509308059031,0.547712020559614,0.199099217373917,0.180744565312971,0.197993578266279,0.217793837976692,0.323,0.2592
"29","GBR",0.516718481330392,0.50765975456304,0.516798339135349,0.526628189107857,0.451597652315856,0.433640804681688,0.451145497181291,0.469257939522731,0.547846971869987,0.52683357067791,0.547638034857511,0.570214035301571,30889.7668011277,30087.8586523384,30912.8057012996,31762.3094913983,0.181190519134208,0.176134632453147,0.180864319111118,0.186028468454698,0.22733295442012,0.220014009073607,0.227501097622816,0.231661673313667,0.43764479825462,0.429373023770013,0.438049576253365,0.448757584043636,0.108975957468619,0.104691423657227,0.10885447469775,0.115408567851161,0.3462,0.2682
"30","GIN",0.827871787747733,0.756580515326894,0.831301650463917,0.900680699583173,1.48268350959601,1.11238176151046,1.48016021041573,2.01093120882871,3.1012123654302,1.87900462143,3.07622055700412,4.71782041923401,3149.65308229052,2084.06801054378,3054.96877523983,5231.89401081962,0.0565871634859909,0.0321700413074679,0.0555161469962862,0.080880137568111,0.0762318897746597,0.0432862719525471,0.0748246272239663,0.107917209216077,0.794833015747976,0.709878551132626,0.799319307141748,0.881411719715806,0.580789543389338,0.417049202625482,0.588935599201045,0.75446711610936,0.394,0.301
"31","GRC",0.578143687692069,0.562353895999363,0.57696981089868,0.602554760857933,0.584865957462223,0.549950910442107,0.58141793390756,0.641497011968501,0.853208198498268,0.775138901975314,0.849089039039157,0.978081008199314,17800.0852330062,17098.5035361353,17743.0150003749,18831.984355596,0.157988399088734,0.148966653110534,0.158246652617228,0.164236155015598,0.201359628626997,0.188783106048686,0.201802178516901,0.209046717574712,0.510703482279961,0.490745719693969,0.508494441389726,0.541244132637837,0.207752868423662,0.186968354482684,0.208524520116823,0.241931407563516,0.3408,0.2606
"32","HND",0.90783004018306,0.872220138989508,0.903491969113241,0.974292884593288,2.53687059165226,2.16607603935212,2.45407412581127,3.76784245596043,3.69852630829628,2.59621665121039,3.4378494745869,6.98027802744222,18822.1717703598,12077.3062647017,16259.637180285,61190.6879101342,0.0157859671147818,0.00452860892325213,0.0165489400536367,0.0218232231413192,0.0403044125516098,0.0115418022471153,0.0423770254339282,0.0565802309884559,0.868089346278034,0.815131319886866,0.860765617135891,0.96309670232065,0.646710310286031,0.509585256784434,0.633989109384515,0.90752766471037,0.5464,0.4174
"33","HUN",0.449952469716509,0.441598275715529,0.449105073676926,0.462575052308139,0.339604148988823,0.32662475807762,0.338966171877897,0.359246268215637,0.442997935369924,0.421239243632739,0.443690736913164,0.474972434891009,7113.11913027188,6962.94900827623,7098.32892948143,7304.84314849022,0.222044585606639,0.216153996466597,0.222289837030892,0.227041583105629,0.260757112179113,0.254669669631131,0.26083113624979,0.264652786114899,0.387436767481527,0.378123089555474,0.387047178039604,0.401805010434214,0.113096393365868,0.105749073651065,0.113121616967054,0.119647521654427,0.2802,0.2234
"34","IDN",0.668330805605567,0.652965347201816,0.668358070239234,0.686153988488427,0.800680598311178,0.755668275770253,0.800635551108057,0.855362695978029,1.15430229749429,1.08286860468184,1.15339495804611,1.22940858136531,3000.87144561353,2816.73913886634,2998.98087069492,3199.33140947239,0.114687886957591,0.106961397704483,0.114431412246682,0.121585311737166,0.144444930496215,0.135005492511956,0.143953698525832,0.15216435640095,0.610901792423317,0.592959676746145,0.610989465055784,0.631961402194528,0.252004315894779,0.234874914900148,0.251933288614368,0.272049680563308,0.353,0.2866
"35","IND",0.392485359809334,0.384995896163894,0.393216024165126,0.398348437339993,0.243099412843868,0.233512974150107,0.244018700991785,0.250718435875032,0.272622720176715,0.261922342026092,0.273449592851517,0.280684987437137,860.354173328577,845.1635093409,859.706995918959,883.19551959932,0.240353084997573,0.235973009293808,0.240006812449801,0.245025993455908,0.275447822247587,0.271432497008536,0.27529484202905,0.280148869830429,0.316480587483467,0.310036748770675,0.316436211743474,0.322163496812784,0.0517409753068466,0.0470679936259183,0.0517224212925963,0.0583754117247338,0.354,0.3
"36","IRL",0.524935770330456,0.516288227567311,0.523874232673657,0.542812057007446,0.4658259003946,0.448647878320161,0.463594561481859,0.50111663996404,0.648415013030506,0.615663459283319,0.648391038382937,0.703537365396808,22988.101191512,22473.2574194158,22905.2531471117,24034.1534868061,0.183865863135075,0.175889870870277,0.184371939401608,0.188328341697719,0.220954232558227,0.212453468904914,0.221434728108364,0.225487182663386,0.461065506364857,0.452170183593043,0.46005721636829,0.48132785600291,0.15745434491109,0.147087325065073,0.157181354956014,0.170236567913761,0.321,0.252
"37","ISR",0.739857838673901,0.716981096402263,0.741206091169277,0.760770857161829,1.09771375878325,1.0154945720885,1.1012516221386,1.18396208828782,1.70004560041487,1.47072344162729,1.70559824164769,1.89649088064453,25607.3785163522,23467.2423335298,25669.8962997117,28072.0708256167,0.0840348622893689,0.076669929695401,0.0833769575360283,0.0918735480299462,0.126590380962269,0.116420994485137,0.125574332360979,0.138589846883482,0.678711352822036,0.649523878873263,0.680372018373666,0.703482298157546,0.378955681425535,0.328791470776612,0.37852359582187,0.424865390884832,0.418,0.303
"38","ITA",0.579364313196351,0.543641286145624,0.579578058260549,0.608430510604897,0.589916167737573,0.510943283187051,0.589171292514695,0.659936718548951,0.995770865623375,0.769353230351277,0.98853579446044,1.24320388316298,22344.9909931579,20527.7093747073,22341.34624257,24238.4996018416,0.159941783659702,0.148558321030982,0.159902028049662,0.174243998021883,0.202040070352315,0.187394361663867,0.201465881899566,0.219617331112582,0.515600678972597,0.474087591144082,0.515358047464365,0.548383975291935,0.242028368982567,0.189986653777884,0.240035311864099,0.290676736975998,0.3378,0.2552
"39","JOR",0.541003054448289,0.529927822716755,0.540421703695698,0.550684188716727,0.490066035507904,0.468469401444967,0.48881027008386,0.510186913388581,0.626190188105637,0.602883193521472,0.624240115404231,0.65670580187062,3977.59504397344,3837.69170290237,3975.71416369673,4127.61775643418,0.170274013616492,0.165338745897518,0.170259880144956,0.176623595975261,0.207503990385899,0.201795872521183,0.20751788392052,0.213791113612831,0.469031557887998,0.459343404119375,0.468268909183999,0.482354457713001,0.125609869597734,0.11972032464303,0.125645710109346,0.131688271659124,0.334,0.272
"40","JPN",0.573260793498157,0.553968002958933,0.572611350819726,0.591769295178558,0.574895082758702,0.53285698450292,0.573584211429317,0.616780328961147,0.883826169754225,0.792215897272238,0.873675493142484,0.994647618492985,21830.2144195657,20815.11058205,21728.451684141,23105.1602398725,0.161687532055831,0.15343304744711,0.162141915118025,0.169876787198359,0.204260504981822,0.194614664177883,0.204694374950493,0.213805650219327,0.507873283866578,0.484499755067333,0.505782777903033,0.528880671476136,0.219225056576794,0.193605099218139,0.218284242428765,0.252465475251417,0.321,0.247
"41","KEN",0.508420604594622,0.490899214064829,0.508949306216521,0.521104613105131,0.441832585905533,0.410632054501894,0.441903871122116,0.464944863403507,0.605893387709586,0.556852764167326,0.605192723199981,0.66271067662554,554.461918307373,526.855844217881,554.265562332838,574.083658851798,0.191927056775098,0.18593401984172,0.191668345934852,0.20002569519497,0.235248230954463,0.228357602530254,0.235064027439825,0.24546101791355,0.441159887414916,0.42228250074601,0.440966093197496,0.456155386114025,0.15182425555578,0.140587717330451,0.15116443214052,0.171352282972327,NA,NA
"42","KGZ",0.732980411106463,0.696978028605041,0.730564549596968,0.777983326784587,1.03038625413094,0.902442358198234,1.01859440389143,1.20955468205064,1.86646917553215,1.49226434462354,1.8418082153279,2.39025007926195,4611.59453615799,4030.93044266622,4519.46682252415,5466.78798674381,0.0921455421952856,0.0771800736793707,0.0927832566032078,0.104413224451904,0.123388369538949,0.102137671685716,0.124311873034505,0.141334810639086,0.682696413798947,0.637796186963722,0.681236001686025,0.738681897769438,0.410051953266654,0.341129116945968,0.399789029232126,0.506651336586478,0.3256,0.2608
"43","KHM",0.703683019632613,0.685766507790502,0.703372589941376,0.720771991913044,0.913236609463106,0.854459745541989,0.911780131167325,0.97273828413534,1.3970083861923,1.29481091492586,1.39646761817161,1.50726008699052,2420.87698312271,2237.94604580256,2420.43734887451,2626.71933858124,0.101383371533185,0.0942766199157639,0.101138069917919,0.108824915527357,0.129356172785752,0.120614183129727,0.129536123533166,0.138707611181911,0.651724322927433,0.6322573844159,0.651471324257235,0.672753492225873,0.314601652090356,0.287238044672719,0.316657515934424,0.339921578971186,NA,NA
"44","KOR",0.602209288852339,0.58846501000695,0.600591318811256,0.619919780081505,0.649669719602034,0.618112571784684,0.646008305157394,0.6917569213557,0.913037721132841,0.847003777293081,0.905569064282492,1.00959618053753,23757.6033833564,22872.4796217956,23633.591913274,25220.9004012835,0.144576866099456,0.137089359501608,0.14537720825018,0.150230937018726,0.193110424014367,0.184494957867034,0.19378236821432,0.200998733403551,0.529945618886171,0.511506650381877,0.528124653932474,0.552597597079136,0.215714819892346,0.195491093580504,0.214055407821205,0.245418808696025,0.32,0.242333333333333
"45","LAO",0.559881079870863,0.548123496349081,0.559811101312175,0.569152020549528,0.526577779135449,0.50180535682649,0.526402387232636,0.546715327770031,0.658968303211701,0.623565002703699,0.657858275735921,0.682603893382151,1267.9208721252,1227.54188873002,1268.889565987,1307.55311803918,0.158120275093348,0.152926497479675,0.15770994148018,0.163393515922825,0.19447378506752,0.18934591131748,0.194778765051238,0.200206527659324,0.484399879578789,0.4698614860551,0.484024777616709,0.494542619072458,0.120945040631168,0.115776982018746,0.120871085130148,0.127635561494265,0.354,0.293
"46","LKA",0.817470038162242,0.762766255737831,0.818199651488349,0.864443235568266,1.41581186600531,1.14221795450609,1.41020716726261,1.70325313293145,2.79986891418043,1.92262631481239,2.76171457862198,3.82613340290223,6026.48799356894,4473.65135234566,5983.11025866675,7953.66974422339,0.059646846116767,0.0443111948431667,0.0591320906839047,0.0782970145138533,0.0816416704297003,0.0604547409491433,0.0810514748768512,0.106047207511419,0.781325809162802,0.716250733792776,0.781808374570363,0.83909181402566,0.551813104451183,0.424528521441769,0.548656275129079,0.666601006811295,0.3835,0.3135
"47","LTU",0.495721903489239,0.485889059448882,0.496596857275123,0.506855152753388,0.415747951580286,0.398822721210228,0.416699181136539,0.434867871243217,0.489940888142088,0.463557116040683,0.491026290838549,0.515458248779128,8385.28895889794,8150.37539092925,8390.39813046458,8661.84022466061,0.191157848511846,0.185629219944336,0.19061034510938,0.196373262109796,0.240055092910312,0.233158570116744,0.239738382592159,0.247027845288927,0.414413595465043,0.40283799729916,0.414508808934742,0.426282339792415,0.0962446051167761,0.0911047916752237,0.0959954142629859,0.101453488765215,0.3514,0.267
"48","LUX",0.547101718477548,0.525175876403008,0.546331554199317,0.569128649795025,0.512575127337668,0.466256834243317,0.511566646369456,0.559101002704757,0.833810559213884,0.703971526177049,0.831574934664802,0.961468283308582,38268.7785460066,36487.8386437912,38157.5346470503,40566.3136800182,0.176957535424296,0.167320213070767,0.177196155667755,0.185951020035183,0.209691506445093,0.198782209455418,0.21025437254423,0.218957505462557,0.490670314790662,0.465547630511754,0.490012289041219,0.517594212963054,0.212498281311949,0.177607226177232,0.211377764877045,0.243996167016816,0.3126,0.2456
"49","LVA",0.636078788741358,0.620059971088432,0.636142019733915,0.654494262179236,0.726171024849882,0.68464916720608,0.726718177317415,0.778503568216361,1.0349982311663,0.938635082141718,1.03688434263248,1.12320420066531,11870.3316953084,11345.9005073423,11829.0084798747,12589.3955397079,0.129145277624965,0.121419713107997,0.128996370074013,0.13491892798941,0.170727035733607,0.162589613378742,0.171079159985128,0.178061305312867,0.569046100632248,0.547761794189196,0.567360740926603,0.590759237055744,0.237029798678189,0.208894755333668,0.237440292232146,0.260047730944164,0.3624,0.2714
"50","MAR",0.843813645808739,0.767302880183376,0.83317340855687,0.973903952601512,1.64370834640041,1.15940100801876,1.49364567070509,3.35131081762269,3.51855780541272,1.93588027962119,3.12758004295351,7.80020839136858,11767.8670772834,6102.05098224671,8865.53493659841,55016.8436788094,0.0504616246576177,0.00850745008246697,0.0533579639501373,0.0762128995862558,0.0695220302960109,0.01163355688842,0.0735535406713913,0.103906080824542,0.812198893186087,0.720594718880088,0.799599171350653,0.969028015102083,0.613312371184423,0.427047508042079,0.58700264669065,0.935638071362387,0.407,0.331
"51","MDG",0.862800144575294,0.770736087425211,0.852205328187431,0.999740782208409,1.92459918776032,1.19495493464087,1.63271330206752,8.46711282446284,3.82860215818756,1.89962352654606,3.3273179047588,9.19721451719056,33399.7133954356,1058.92025390695,1658.53134774613,1557362.79154233,0.041488354748299,4.78921487342239e-05,0.0447677647241734,0.0697248625841678,0.0624461876429769,7.17881076672006e-05,0.0676166970335794,0.105616165172193,0.829774256958925,0.714508159443738,0.817919581747418,0.999802133848335,0.63920816070478,0.40779545016863,0.612291347466276,0.999572433274743,0.424,0.343
"52","MEX",0.883487192963856,0.813761495403934,0.873576921298392,0.999742267724208,2.11047050477511,1.44814230596586,1.84310659605117,8.52801854083457,3.85563858480428,2.10053533234606,3.27697920738465,9.19196303499443,355955.861951154,13781.2533880084,20355.7801124056,16498080.4864326,0.0305160184553492,4.11399316966853e-05,0.0326844822079857,0.0493728066683153,0.052597126145699,7.08508906425507e-05,0.0566380399664675,0.0848608543650009,0.848605687652193,0.758255679704007,0.835768674144914,0.999795157211333,0.64982827937549,0.445154682931097,0.620007653949942,0.999517248084373,0.458666666666667,0.363333333333333
"53","MLI",0.725797088377527,0.704698581346543,0.725990590985469,0.748278372998515,0.998444304090473,0.92347618612983,0.998227541715982,1.08326677863253,1.54019822671765,1.39377919532335,1.5430873312996,1.71153256318984,1628.53658017478,1486.32737234768,1630.15063006827,1783.4539453776,0.0917705986246684,0.0837930728395547,0.0919590534787306,0.0997362778731412,0.122499434869696,0.111408987760757,0.122605925673764,0.133331719191171,0.673129543331843,0.648690899446024,0.674159800609362,0.700655725087411,0.346405524100467,0.308590736161829,0.345415705487031,0.386815627749189,0.3595,0.2795
"54","MRT",0.831912998693568,0.757976590755886,0.833801115486726,0.910455519396446,1.51810187415368,1.12381726738071,1.49918367759079,2.11839644467291,3.15341096756439,1.91804354839204,3.07473159680784,5.24877565917931,4817.13299444733,3143.1119516433,4531.12418290375,8472.3958998251,0.0545382114918817,0.0288845897030833,0.0542532520701501,0.0789585479404951,0.0752495127543628,0.0397168319140403,0.0743875445318501,0.108978830889228,0.798010678255694,0.70677650911439,0.800438698134364,0.892958640613571,0.584954013887844,0.413968781285741,0.590198265215983,0.773894675584399,0.357,0.262
"55","MYS",0.871114230103254,0.792492089479815,0.863689283086844,0.999736223812003,1.9855006754084,1.31244530070366,1.72827837382649,8.45687543464674,3.80701916005738,1.9611461190213,3.26506286092616,9.19201625777133,460362.168209321,16688.5484019849,25363.7232429233,21402511.7222781,0.0367896946170995,4.61154942181835e-05,0.0388454642288577,0.0586616161351675,0.0583049971369775,7.34452308880332e-05,0.0616553868621319,0.0935401848048586,0.836852104626164,0.734234076425675,0.826969377273486,0.999792972570536,0.641218052132664,0.418889430053201,0.622769843289065,0.999527853436931,0.458,0.3445
"56","NER",0.577588869501363,0.563302134089511,0.578781325932447,0.589752918918847,0.565658948239659,0.534288280616862,0.568277066869195,0.593303081152928,0.755210045247905,0.711322368857694,0.759820737358233,0.79446379763342,1149.59289850465,1092.6988399323,1150.69532726703,1189.09525295176,0.15395092941824,0.148658625725845,0.1538164628957,0.16053240463187,0.186603491110154,0.180671172095465,0.186107949424793,0.193970607166369,0.511314697021895,0.496483996879169,0.513173025540153,0.526219778118102,0.155641705136707,0.145472328857828,0.155854077021979,0.163654317863296,0.373,0.314
"57","NGA",0.878245603457836,0.799831736136012,0.872056842167206,0.999760230118467,2.0885994047538,1.38195055749411,1.8297534487733,8.64689947183142,3.90152030332705,2.03164406176282,3.3573151682004,9.19401188046139,51352.044682451,1679.04649234073,2637.17164819651,2398787.96623672,0.0328227632424799,3.78240342663727e-05,0.0344671330548837,0.0545055525964111,0.0563786318087755,6.43157522275134e-05,0.0588178965273113,0.0931713522640316,0.842116107807354,0.736217608091688,0.834496947989428,0.999819164949727,0.647959474378668,0.42404284534713,0.625667670367731,0.999590520357538,0.43,0.327
"58","NIC",0.877370302127494,0.800589679686162,0.866402250940595,0.999755941346953,2.06568023864595,1.3784421617103,1.77744932691941,8.6050044167988,3.9101083682202,2.02133250654614,3.26450973835771,9.19796999924726,177663.547361698,6031.49754158453,8984.71421271906,8290281.94160699,0.0337102519533065,3.9664800270239e-05,0.0364401989216316,0.0541742787276785,0.0565132384081371,6.62032213027714e-05,0.061736797106812,0.0917954454830131,0.842165637599693,0.740444276756636,0.828351227285169,0.999814763387614,0.649900089140281,0.428605850980802,0.624985948455597,0.999584396490575,0.439,0.342
"59","NLD",0.565324934492065,0.524854328770744,0.564258293851697,0.609543267393821,0.552014936035853,0.464371691172792,0.549455490979611,0.655899548434444,1.02683642897802,0.726148271898533,1.03664601733996,1.44336904232793,29037.1785856034,26205.4034713236,28834.2678830341,32611.5865309845,0.170269073244727,0.151914477804834,0.170980528743393,0.186970376909943,0.197605002198673,0.176885092220938,0.19822838600499,0.215523602681368,0.514551225513467,0.470159063566989,0.514972157127334,0.563156175414605,0.249001589293222,0.188191984776779,0.253083265027065,0.321110021960089,0.2892,0.2346
"60","NOR",0.385540247379302,0.377091299624426,0.385257812078976,0.395173049423743,0.241134434643211,0.2307675926785,0.240819142566443,0.254098680982563,0.283694770625167,0.269232884387861,0.282726321025947,0.299379161004695,24410.9001160267,23918.4938138531,24400.2716483761,24828.1411253852,0.253250516624137,0.248331867278853,0.253260094484574,0.258054920632774,0.285164277667864,0.279797455478669,0.285389464345901,0.289754088643498,0.325646230268206,0.316909147623445,0.325240119945211,0.335173467924487,0.0641363013100709,0.061926202614667,0.064284311566678,0.066410193078267,0.2648,0.2148
"61","PAK",0.368584556096337,0.36234601504183,0.368253660854176,0.374575157610031,0.213542745969208,0.206219116029595,0.213075153860773,0.220785324605418,0.242262291802612,0.23410560796678,0.242135566833553,0.25075466685952,932.320921539803,916.102241653641,932.35681134509,946.767791904118,0.256234686248767,0.252590052367736,0.256332962151298,0.259990652334432,0.284573874204863,0.28070319602831,0.284557636300834,0.288506938440663,0.303177476311382,0.298475621933332,0.302750349430049,0.30764372014756,0.049252619608353,0.0459868156121734,0.0487490542775601,0.0544314222554934,0.307,0.2645
"62","PAN",0.886829411561852,0.824279618428663,0.882791135118188,0.999760243324059,2.18870521739603,1.55984343337944,1.9624396977339,8.69676984209197,3.78221339318887,2.13097822336665,3.33786321780361,9.19707062975615,340458.431954318,12523.1745039381,18572.0457095143,15863172.9837609,0.027739344909105,3.41268542446731e-05,0.0288329505504998,0.0425269786159728,0.0518310567390329,6.32089949845631e-05,0.0539247085116662,0.0803517321140459,0.849530644326818,0.765162310473896,0.843983304038896,0.999815452371437,0.645788265138848,0.440963115171062,0.628665580782983,0.999545925054797,0.5268,0.4026
"63","PER",0.875912467255341,0.798222808239861,0.867708352004643,0.999763839503925,2.08648750151201,1.38079211063399,1.8069245098537,8.67801069140863,3.81274561829915,1.98187992520859,3.30863595104349,9.19431173807481,328692.196884507,10274.1596899238,15665.780184946,15364700.6978158,0.0333142903063228,3.67761961747704e-05,0.0352294213523471,0.0539784595178623,0.0576775598317254,6.30501097273002e-05,0.0616876656031985,0.0947325214621058,0.838811582041692,0.735981038215495,0.827071250347693,0.999823250672205,0.640137184400382,0.422387508834731,0.610147735401995,0.999603459274976,0.4806,0.3616
"64","PHL",0.858196630147526,0.776583522953493,0.84488745399523,0.978031445888912,1.76417161492177,1.2200885187483,1.58121338950873,3.54326216251963,3.72458649687089,1.86672305586028,3.23707015499397,7.75546295329218,8290.47687138897,4091.19235468086,5889.29494557562,41400.6991976426,0.0435687611032234,0.00669277772766317,0.0475309980864014,0.067829930099106,0.0644403957667143,0.00989327867608213,0.0704240693876031,0.100520748633912,0.825210229167008,0.722658709402998,0.80953060224874,0.973293359050493,0.632434783479421,0.402988981425495,0.603851661857903,0.942424130293614,0.4235,0.3295
"65","POL",0.566993190712268,0.55429226829489,0.567876915449025,0.583321060119146,0.556186065898743,0.528541664423572,0.558207107806752,0.592487177694647,0.773514770177828,0.720945166293194,0.771730356532588,0.827220367310123,8278.25358334644,8005.36152757241,8259.93134143717,8678.30720100602,0.162121047958899,0.154630949880257,0.162149266709172,0.167889008168053,0.204238626472312,0.195768023273659,0.204353714927144,0.210396397251378,0.498602996697849,0.484336107715345,0.499557991035882,0.517195988318375,0.182458012003809,0.16695073186052,0.181626418553486,0.197233574661992,0.3354,0.2648
"66","PRT",0.705435279493221,0.676156755878039,0.704973915430814,0.746693980315714,0.924845165624085,0.829770820888155,0.921997101929081,1.07295788162918,1.56680747967749,1.30000480592054,1.57978188046719,1.88051994129075,21353.0522404191,19071.838083342,21276.2138855658,25435.000715498,0.103331199223099,0.0874535071724292,0.103158948753961,0.11453678836697,0.133318806503014,0.113214268353235,0.133476151157267,0.147496420581718,0.654201836813267,0.620341552629551,0.652714352139314,0.702114625322124,0.358846863694363,0.295524930344967,0.359157763390265,0.430027578953472,0.3642,0.2858
"67","PRY",0.888314258963086,0.819420777409316,0.880436583016029,0.999760687901845,2.19110487406096,1.52336874826521,1.93651461270366,8.69385768106191,3.84930843597007,2.12840933827718,3.30294569811965,9.19754709962614,339773.040595893,12073.5595471759,18070.3886275025,15834447.5555674,0.0276245449780645,3.44240786884116e-05,0.029684193296,0.0452008875339914,0.0512325931065784,6.34813928175243e-05,0.0548419694148764,0.0836651732912048,0.851820119441611,0.759579901691132,0.841740175268436,0.999816460005758,0.653068310993308,0.457761311492497,0.62567961871492,0.999552873785664,0.5136,0.4072
"68","ROU",0.649359994868147,0.62828313642067,0.649061675173735,0.672649019954641,0.783705152973249,0.728242262946414,0.782267980866018,0.851939868706605,1.14857570393339,1.01077685719369,1.15074085528677,1.28968910492892,5466.34751076279,5146.7660001832,5456.52921161816,5935.01953594625,0.122837666804514,0.113939035643514,0.122798565354398,0.131294593096694,0.172346764150667,0.159957910025154,0.172222584888808,0.18371306134835,0.578082654639223,0.551165556076188,0.578264347041827,0.605850675172365,0.268603930484952,0.232045570274857,0.269009095540082,0.308451146320016,0.3692,0.2672
"69","RUS",0.850691525057118,0.766895172081886,0.849743111810294,0.975039939393153,1.70015302093432,1.17173475072256,1.60841649620221,3.40882291348891,3.57972368107588,1.86932005871928,3.2762165919527,7.67437642992278,35397.9436032471,18061.2968876349,27474.7515502629,166113.238928612,0.0468373039536826,0.00783042982574317,0.0477865174414604,0.0729372778541611,0.0678229844746572,0.0113348932139882,0.0684420299190409,0.105782563513423,0.817528522537442,0.712589090556127,0.817004362812834,0.969781474155146,0.619831063994858,0.410352565779691,0.617235664531167,0.936235129977308,0.4084,0.3166
"70","SGP",0.716150282345928,0.673863185184262,0.708819922557634,0.833098711589604,1.01023043917408,0.865392199699297,0.974441562285189,1.53130524812929,1.66823733002454,1.16339045191054,1.49387864139174,4.16336988626059,40112.5744029083,33892.3199639324,38434.7339002239,66256.6673339188,0.0865340233051023,0.0508896414515852,0.0882861829249836,0.0999467840423244,0.13968039866104,0.081575746335694,0.143556696756893,0.161873980435972,0.635317832796506,0.58024933732593,0.625978920438987,0.785211026325481,0.339707511006637,0.252171984519176,0.32103028784502,0.613512905698158,NA,NA
"71","SLV",0.872613515004903,0.789019551754108,0.858088104413032,0.999753254188335,2.02259354891316,1.30009471795735,1.7012663299818,8.57874224266211,3.86907015145769,1.96415239825263,3.28391592292222,9.19451838210765,270713.262122897,8538.99617994516,12761.1814982296,12641922.9315776,0.0361982785922952,4.10731589825878e-05,0.040327000657476,0.0607479035175159,0.0587229991075382,6.7071024636621e-05,0.0657070612599524,0.0976120725253513,0.83791472544045,0.73184416397606,0.818367447866675,0.999813416163094,0.646383135509953,0.420162199443043,0.610939993376675,0.999576058631907,0.4542,0.3532
"72","SVK",0.407716627277005,0.389730165571355,0.406454875027161,0.432172451980999,0.282283542502881,0.255162773703137,0.280389005185641,0.320774126399026,0.404114452189076,0.333791862090091,0.397579800053964,0.526336821792733,6789.21833586758,6604.45146523774,6771.33561938293,7068.70922372882,0.246410363897937,0.236213788775787,0.246787469408532,0.25382272761285,0.283505125818346,0.269344239253618,0.284594150976452,0.292577688631868,0.35253683337159,0.331111440244071,0.351310308564887,0.379718162816951,0.116054812820177,0.0938233075649021,0.113909029865835,0.147550426197269,0.262,0.2148
"73","SVN",0.375602342640963,0.367881341169311,0.374995284970415,0.38444924805157,0.234481328218088,0.223995205763002,0.234154734552002,0.24584143390195,0.300927360160113,0.279921814480345,0.30182663658092,0.320445826082883,13821.3087871183,13555.528804346,13800.3721753577,14113.2696566576,0.263912581975595,0.258984443226478,0.263822269240423,0.268214716118348,0.291557522875481,0.287224617312789,0.291584572071432,0.29608719854213,0.327385576594142,0.318415666304918,0.328304477673378,0.33656104242576,0.0861596018789886,0.0782552797302548,0.0862566782181576,0.0932972364996829,0.2444,0.2042
"74","SWE",0.436620412806716,0.422740996610948,0.435942685185999,0.450344669351274,0.320562861480997,0.298240211771648,0.319127129236374,0.342679249857387,0.451282699945055,0.399304656966938,0.448262993482855,0.498790141927518,20215.7976611385,19505.5772504782,20227.4295850649,20986.0985927523,0.231640690706634,0.225186815505525,0.231624330715731,0.238138740503648,0.265002051015453,0.257621741482294,0.265331709750837,0.27276584864136,0.381674915574692,0.365069408198045,0.381017947369238,0.396929821211528,0.125580766705312,0.109398842923594,0.124475975133773,0.14046381260195,0.2732,0.2164
"75","SWZ",0.884148096475705,0.807173081918653,0.879044621956242,0.99973513152516,2.13872729233625,1.44310312504252,1.91463077427251,8.51750003256721,3.74542679046993,2.03881105595394,3.33490538971698,9.19501667486264,87018.5092594339,3326.66766015001,5392.10773867529,4022449.06059096,0.0288708313554021,4.0879920134648e-05,0.0303802736320066,0.0492362259203022,0.0529165739150263,7.463108521574e-05,0.0549871801324533,0.0896921655381068,0.846611952653608,0.744470608322922,0.839783619069837,0.999783325246093,0.641865657144053,0.422165239223984,0.627689471330592,0.999472369717812,0.515,0.4
"76","THA",0.829922231037571,0.765627238917893,0.833444601233576,0.904576659134932,1.49987579309125,1.15722425333949,1.50006974060096,2.05936098077882,3.0699423315036,1.93789273976833,3.07376022168032,4.73275673716239,11642.5915581986,7936.53538259878,11350.0628543741,20247.5234473654,0.0550287996990947,0.0303715143655551,0.0537383740432744,0.0765996696995666,0.0765209547284487,0.0423621273421475,0.0749250330230998,0.105602952281771,0.795134133349978,0.718101993026433,0.799609235175633,0.884742408053662,0.578835826880654,0.428261826278171,0.585759898039711,0.759271805872301,0.4018,0.3114
"77","TUR",0.64301286962047,0.631807391471551,0.64291636741249,0.655793420724012,0.753266558214909,0.722942391841456,0.752840081011351,0.788740241748914,0.981797266898012,0.931576687820958,0.982420018649121,1.04946300040547,7596.80702330453,7312.52552500169,7576.48621370558,7950.83767600957,0.121967309962539,0.116461638297969,0.121800355821286,0.127430493257837,0.167855281390003,0.161662636802578,0.167746430500072,0.17346141705266,0.568942675176848,0.556079420405685,0.568849431393344,0.588536359930582,0.20642282805504,0.185177539049639,0.206521202740089,0.224053211309501,0.3896,0.2914
"78","TWN",0.473274131071206,0.462528589341678,0.473502100536006,0.481246081704989,0.367195860995593,0.350362331932427,0.367569227041846,0.379631480359501,0.469523478423399,0.450159493247031,0.470514844342832,0.488958589320148,17098.1615067669,16686.698144761,17151.9070258025,17682.6549351819,0.206923187403068,0.201664973302511,0.206563250279275,0.213021156601341,0.239557954856374,0.234512171054543,0.23924924943165,0.245335271690162,0.408909530026104,0.400858607441707,0.409428386488704,0.416953087404105,0.102866143306941,0.0973609833492775,0.10272630046139,0.108611045716804,NA,NA
"79","TZA",0.688736937358599,0.673490677406465,0.689579304435012,0.704451292301206,0.868523720221968,0.821033390479466,0.871261123938738,0.920248296566859,1.29236229465609,1.19563638255186,1.29691028717879,1.3952117041684,1078.10767807968,1024.13244532334,1069.81378207132,1150.0744773917,0.106801118963024,0.100260505390272,0.107057041622438,0.112676491391069,0.138869573638312,0.130963960318105,0.138448050293971,0.146053535694948,0.631851336304175,0.611925892921517,0.632625556351338,0.651833585594241,0.290218471471249,0.260159340205509,0.290433755193607,0.314057119871006,0.403,0.319
"80","UGA",0.863120630504651,0.764073574306476,0.851954544885374,0.99974098600072,1.92152142174022,1.16474509091554,1.63161450458245,8.46640204398537,3.82285546922948,1.82070013426471,3.30891471770519,9.19726493535117,81537.563580044,2507.41503610608,4055.23238616392,3804002.57652003,0.0413665387311722,4.78387530607097e-05,0.0446682060727627,0.0718027320930331,0.0620763770883891,7.15152902874075e-05,0.0672589380496424,0.108573619744238,0.830280800744275,0.706357184019261,0.816623884843302,0.999802579342737,0.639394836938707,0.390707189651511,0.612812525636308,0.99957341716953,0.442,0.364
"81","UKR",0.507535091580684,0.490042552073593,0.508059485111687,0.533288233710654,0.436290288389413,0.403375081320097,0.437627320286574,0.486725663567283,0.680882315053997,0.593859493625223,0.684378439602577,0.805035303655697,6404.20877363524,6171.18278968471,6395.60059405353,6807.12032625037,0.196315312014475,0.185269674060303,0.19628287356807,0.203142218760558,0.227962358201632,0.215439428689975,0.227820865103118,0.237090812556622,0.452167602729692,0.433174705746389,0.453368924717524,0.479685523300322,0.179331247833061,0.152744440394962,0.179935654737567,0.214854241018672,0.267,0.2204
"82","URY",0.869815616404455,0.79069210504759,0.862512460777905,0.999742939085059,1.98437354516306,1.30459242155775,1.72816337374742,8.5004886257188,3.80477765403211,1.98633987566674,3.30204206423151,9.19330590918538,514817.47915462,17500.9881253722,27119.4231589694,23984740.6300854,0.0372777736405592,4.44391192684681e-05,0.0386829475957294,0.0594232578594272,0.0593073566516081,7.09688530108213e-05,0.0620472518373489,0.0959302101826191,0.835161447779883,0.733879301101915,0.825966980597663,0.999801358462488,0.639551297930527,0.417134673978035,0.615169417227833,0.999549634121205,0.455,0.3466
"83","USA",0.828760344432354,0.773165633393507,0.828171462509953,0.876812674496997,1.51797098928136,1.22361608052985,1.50114889657243,1.83258946696763,2.85290592818075,1.92583274790896,2.78906352336303,3.75177708841702,101349.359431344,73618.9639110042,99631.3121488759,137855.30086234,0.0529934161200962,0.0381061424939737,0.0527262913777864,0.0702068859386334,0.080174436502504,0.057331307708056,0.0794375694718044,0.107112928264652,0.788288515074272,0.717822908304939,0.787573765454327,0.849169398328756,0.558084797362797,0.420464898402063,0.554217260851473,0.679271135526032,0.4075,0.2995
"84","VEN",0.864848827382045,0.785668776397835,0.851517364847388,0.999745059474088,1.93834975089661,1.26287202755307,1.63483003307574,8.49719057100829,3.81807751211556,2.02706377119967,3.21639686739209,9.19475989964698,265973.784862632,8725.06257786266,12833.3220153712,12416351.0609074,0.0403606268205192,4.63206029859692e-05,0.0439337665889304,0.0647424918869973,0.0615133375753973,6.99147623279772e-05,0.0676312934728808,0.0978280670064176,0.831588781749609,0.73294215862421,0.813804784309636,0.999806782648853,0.639889738309307,0.43678236974987,0.605972401704219,0.999581557797739,0.469,0.341
"85","VNM",0.716599647881721,0.684176446139224,0.716965505971204,0.75811662412297,0.959823228717085,0.85072819374629,0.95946547777498,1.11526673482801,1.70043008162538,1.38200880957941,1.70652260652658,2.03172594286084,2811.18041978859,2510.59296207442,2805.59318520135,3353.66970276306,0.0999143751868056,0.0841574058120048,0.0997895748558173,0.111731008159392,0.126256459434331,0.106411190527736,0.126081390676218,0.14101064621849,0.669696931746828,0.63154917547943,0.668651360216146,0.718259985561866,0.385178751749995,0.313780756496816,0.385021897256498,0.460389037406256,0.369,0.288666666666667
"86","ZAF",0.91872965131426,0.873974602768818,0.913178129021378,0.992288587140165,2.91288224458899,2.36132946750095,2.75666007766141,5.18859618579784,3.90022623723687,2.58538458291143,3.51557439994325,8.43064699095053,32247.1958747887,15229.8294123625,21954.6067746427,253590.840670491,0.0117283179598039,0.00106663147452573,0.0125949727875471,0.0183320350547055,0.0344006395262187,0.00313773570014027,0.0364761624129867,0.0547928105323941,0.881159655222529,0.810208588149433,0.87320773431,0.988939071238043,0.66663406230527,0.510550955570474,0.640490464659165,0.967538587636052,0.632,0.513
"87","ZMB",0.896922507782195,0.845456301876248,0.893180510824072,0.999769459732926,2.34509852394209,1.75772127963718,2.1339429226182,8.84051741314441,3.85427167187052,2.29736444390678,3.40047408524135,9.19300171142305,56670.2900340935,2209.42941263627,3176.08289808044,2643256.05719101,0.0228976077385842,2.83384803180292e-05,0.0233209930973016,0.0348833941911675,0.0470604477835533,5.9067064179997e-05,0.0484577709905913,0.0713107266607488,0.859442633724298,0.788285574527542,0.853797646421108,0.999821415578096,0.656421998722065,0.475628193464088,0.641257056607805,0.999551069356883,0.551,0.442
